0002 80 0
0003 85 0
0004 82 0
0005 48 0
0006 81 0
0007 54 0
0008 122 0
0009 114 0
0011 60 0
0012 115 0
0015 82 0
0016 122 0
0017 76 0
0018 66 0
0019 72 0
0020 56 0
0021 59 0
0022 63 0
0023 65 0
0024 103 0
0032 243 0
0037 61 0
0038 66 0
0040 132 0
0041 55 0
0042 89 0
0043 71 0
0044 121 0
0045 74 0
0046 87 0
0047 102 0
0048 82 0
0049 89 0
0051 80 0
0052 63 0
0053 63 0
0054 50 0
0055 51 0
0058 73 0
0059 68 0
0060 74 0
0061 71 0
0062 69 0
0063 100 0
0064 53 0
0065 94 0
0066 106 0
0067 109 0
0068 105 0
0070 83 0
0071 113 0
0072 116 0
0074 64 0
0075 102 0
0080 111 0
0081 106 0
0082 74 0
0083 75 0
0084 94 0
0085 81 0
0089 50 0
0090 60 0
0091 59 0
0092 59 0
0093 95 0
0094 57 0
0097 109 0
0098 83 0
0099 111 0
0100 97 0
0101 63 0
0102 92 0
0112 66 0
0113 63 0
0115 114 0
0116 111 0
0117 66 0
0118 49 0
0122 55 0
0123 57 0
0124 54 0
0125 56 0
0126 54 0
0127 109 0
0128 110 0
0130 108 0
0131 102 0
0132 62 0
0133 71 0
0136 66 0
0137 76 0
0144 124 0
0145 84 0
0146 93 0
0147 57 0
0153 103 0
0154 108 0
0158 151 0
0159 89 0
0160 88 0
0161 98 0
0162 86 0
0164 104 0
0165 69 0
0174 37 1
0175 33 1
0176 42 1
0177 53 1
0178 53 1
0179 53 1
0180 40 1
0185 38 1
0186 39 1
0188 43 1
0194 38 1
0195 44 1
0196 41 1
0197 34 1
0198 32 1
0199 29 1
0202 55 1
0203 49 1
0204 54 1
0205 42 1
0207 52 1
0208 49 1
0209 46 1
0210 44 1
0212 34 1
0213 33 1
0215 44 1
0216 43 1
0219 35 1
0220 37 1
0222 42 1
0223 36 1
0224 36 1
0225 41 1
0227 44 1
0228 37 1
0230 39 1
0231 39 1
0232 39 1
0233 45 1
0234 41 1
0235 39 1
0236 46 1
0237 42 1
0238 58 1
0239 60 1
0240 46 1
0241 43 1
0242 42 1
0243 43 1
0244 34 1
0245 38 1
0246 33 1
0247 34 1
0248 52 1
0252 44 1
0253 41 1
0254 45 1
0260 59 1
0261 44 1
0262 43 1
0263 47 1
0264 40 1
0269 48 1
0270 57 1
0271 59 1
0272 49 1
0273 48 1
0274 53 1
0275 39 1
0276 38 1
0277 41 1
0278 29 1
0279 31 1
0283 37 1
0284 44 1
0285 40 1
0286 33 1
0287 37 1
0288 34 1
0296 81 1
0297 75 1
0298 43 1
0299 48 1
0302 33 1
0303 33 1
0304 34 1
0306 42 1
0307 43 1
0308 62 1
0309 48 1
0312 35 1
0313 37 1
0314 38 1
0315 40 1
0316 55 1
0317 48 1
0319 41 1
0320 42 1
0322 47 1
0323 46 1
0324 41 1
0325 46 1
0326 40 1
0327 40 1
0328 45 1
0329 41 1
0330 39 1
0333 38 1
0334 38 1
0335 37 1
0337 46 1
0338 49 1
0339 36 1
0340 71 1
0345 129 2
0347 74 2
0350 84 2
0351 83 2
0352 66 2
0353 67 2
0354 51 2
0355 75 2
0357 53 2
0359 50 2
0361 56 2
0362 66 2
0363 66 2
0370 41 2
0371 35 2
0373 46 2
0377 63 2
0378 50 2
0379 77 2
0380 109 2
0384 77 2
0387 110 2
0388 60 2
0389 48 2
0391 126 2
0396 173 2
0397 101 2
0398 159 2
0399 44 2
0403 55 2
0404 59 2
0405 87 2
0406 39 2
0407 94 2
0408 62 2
0409 62 2
0411 36 2
0412 39 2
0413 86 2
0417 127 2
0421 89 2
0425 72 2
0426 198 2
0432 66 2
0433 41 2
0437 49 2
0438 98 2
0440 143 2
0443 124 2
0446 70 2
0447 88 2
0448 63 2
0452 101 2
0453 111 2
0455 92 2
0456 49 2
0460 129 2
0461 145 2
0462 127 2
0463 61 2
0467 56 2
0468 68 2
0470 78 2
0473 218 2
0474 132 2
0476 54 2
0477 114 2
0478 171 2
0480 63 2
0481 40 3
0482 54 3
0484 35 3
0487 68 3
0488 44 3
0489 59 3
0490 65 3
0491 47 3
0492 61 3
0493 46 3
0494 53 3
0495 64 3
0496 58 3
0498 82 3
0499 79 3
0503 59 3
0504 61 3
0505 62 3
0506 48 3
0507 65 3
0509 51 3
0510 39 3
0511 62 3
0512 51 3
0513 59 3
0514 56 3
0515 39 3
0516 47 3
0517 50 3
0519 64 3
0520 73 3
0522 51 3
0523 53 3
0528 60 3
0529 79 3
0530 51 3
0531 57 3
0532 55 3
0533 56 3
0534 54 3
0535 56 3
0536 40 3
0537 54 3
0542 59 3
0543 59 3
0555 33 3
0556 38 3
0557 48 3
0558 41 3
0572 81 3
0573 73 3
0574 66 3
0575 67 3
0576 57 3
0579 57 3
0580 60 3
0581 48 3
0582 47 3
0583 55 3
0584 48 3
0585 40 3
0586 33 3
0587 44 3
0588 44 3
0589 47 3
0590 52 3
0591 54 3
0597 117 3
0598 91 3
0599 61 3
0600 36 3
0603 43 3
0604 55 3
0605 47 3
0606 44 3
0607 43 3
0608 45 3
0609 44 3
0610 49 3
0611 42 3
0612 41 3
0613 57 3
0614 39 3
0615 50 3
0616 65 3
0617 44 3
0619 60 3
0620 57 3
0624 51 3
0625 44 3
0626 47 3
0627 57 3
0628 54 3
0635 63 3
0636 63 3
0641 55 3
0642 42 3
0647 45 3
0648 55 3
0655 43 3
0656 49 3
0658 67 3
0659 63 3
0660 64 3
0661 62 3
0663 52 3
0664 56 3
0665 50 3
0666 46 3
0667 59 3
0668 60 3
0669 50 3
0670 47 3
0671 70 3
0672 72 3
0673 57 3
0674 61 3
0675 68 3
0676 62 3
0677 58 3
0678 64 3
0679 73 3
0680 55 3
0681 60 3
0682 69 3
0683 67 3
0684 57 3
0685 61 3
0686 62 3
0687 79 3
0688 57 3
0692 57 3
0693 59 3
0694 57 3
0695 52 3
0701 223 4
0703 137 4
0706 219 4
0707 68 4
0708 290 4
0709 81 4
0710 107 4
0711 93 4
0712 76 4
0715 352 4
0716 302 4
0720 211 4
0722 91 4
0723 403 4
0724 208 4
0726 375 4
0731 491 4
0734 298 4
0735 351 4
0738 280 4
0739 226 4
0741 305 4
0742 103 4
0744 338 4
0745 130 4
0748 657 4
0751 283 4
0753 374 4
0755 422 4
0757 221 4
0761 402 4
0763 277 4
0765 193 4
0770 300 4
0771 197 4
0772 260 4
0773 280 4
0774 322 4
0775 249 4
0777 244 4
0778 315 4
0780 259 4
0781 332 4
0789 58 5
0793 59 5
0794 48 5
0795 58 5
0796 52 5
0797 56 5
0798 57 5
0799 54 5
0800 58 5
0801 56 5
0802 49 5
0803 53 5
0804 49 5
0805 50 5
0806 52 5
0807 51 5
0808 53 5
0809 55 5
0810 48 5
0811 61 5
0812 51 5
0813 51 5
0814 48 5
0815 68 5
0816 48 5
0817 57 5
0818 70 5
0821 73 5
0822 59 5
0825 59 5
0826 56 5
0827 62 5
0828 52 5
0829 47 5
0830 49 5
0831 64 5
0832 64 5
0837 54 5
0838 59 5
0839 55 5
0840 54 5
0845 71 5
0846 56 5
0847 52 5
0848 54 5
0850 52 5
0851 52 5
0852 51 5
0853 64 5
0854 66 5
0855 59 5
0857 53 5
0862 53 5
0863 57 5
0864 53 5
0865 52 5
0866 56 5
0867 58 5
0868 52 5
0869 55 5
0870 50 5
0871 45 5
0872 64 5
0873 70 5
0874 65 5
0875 69 5
0879 56 5
0880 55 5
0884 55 5
0885 57 5
0886 57 5
0901 56 5
0903 51 5
0907 57 5
0908 64 5
0909 52 5
0914 54 5
0915 55 5
0916 47 5
0925 73 5
0929 49 5
0930 44 5
0935 51 5
0936 50 5
0937 67 5
0938 64 5
0949 55 5
0951 50 5
0952 50 5
0960 33 6
0961 33 6
0963 49 6
0964 61 6
0965 57 6
0966 50 6
0971 40 6
0972 40 6
0973 39 6
0976 43 6
0977 45 6
0980 49 6
0983 44 6
0986 46 6
0990 50 6
0991 37 6
0993 41 6
0996 38 6
0997 44 6
0998 48 6
0999 46 6
1002 42 6
1003 42 6
1005 33 6
1006 34 6
1008 62 6
1010 79 6
1011 37 6
1017 37 6
1019 41 6
1024 41 6
1025 41 6
1026 39 6
1027 44 6
1029 46 6
1030 35 6
1031 36 6
1032 40 6
1033 40 6
1036 28 6
1037 26 7
1038 33 7
1040 27 7
1041 29 7
1047 34 7
1049 26 7
1050 28 7
1051 34 7
1052 24 7
1053 22 7
1058 32 7
1060 28 7
1062 28 7
1064 26 7
1066 29 7
1069 29 7
1072 32 7
1073 27 7
1074 36 7
1077 32 7
1080 30 7
1082 30 7
1083 26 7
1084 30 7
1085 31 7
1087 31 7
1089 32 7
1091 32 7
1092 34 7
1094 29 7
1095 25 7
1096 28 7
1100 33 7
1101 42 7
1102 34 7
1103 27 7
1106 30 7
1108 23 7
1109 33 7
1111 28 7
1112 28 7
1114 18 7
1115 31 7
1116 25 7
1119 29 7
1130 32 7
1131 31 7
1132 26 7
1133 31 7
1134 33 7
1136 35 7
1139 36 7
1140 27 7
1143 30 7
1144 31 7
1146 30 7
1150 40 8
1151 38 8
1152 44 8
1155 62 8
1156 79 8
1157 54 8
1158 78 8
1159 75 8
1160 70 8
1161 72 8
1162 61 8
1163 85 8
1164 67 8
1165 62 8
1166 59 8
1167 36 8
1169 68 8
1170 79 8
1172 197 8
1173 301 8
1174 100 8
1175 99 8
1176 92 8
1177 127 8
1182 70 8
1184 40 8
1189 43 8
1190 56 8
1191 37 8
1192 33 8
1193 59 8
1194 122 8
1197 43 8
1199 114 8
1204 39 8
1205 105 8
1206 118 8
1211 41 8
1212 93 8
1213 79 8
1214 50 8
1215 62 8
1216 134 8
1218 183 8
1219 122 8
1228 68 8
1230 59 8
1231 88 8
1232 93 8
1233 82 8
1234 80 8
1241 108 8
1244 48 8
1247 40 8
1248 55 8
1249 60 8
1252 44 8
1253 43 8
1256 109 8
1259 42 8
1261 94 8
1263 30 8
1265 37 8
1266 43 8
1267 44 8
1272 82 8
1279 64 8
1281 104 8
1282 52 8
1283 52 8
1284 47 8
1285 166 8
1287 147 8
1288 112 8
1291 38 8
1297 83 8
1298 55 8
1299 44 8
1306 51 8
1307 55 8
1308 49 8
1309 38 8
1310 44 8
1315 95 8
1316 54 8
1317 42 8
1325 79 8
1326 78 8
1327 82 8
1329 90 8
1331 128 8
1332 121 8
1333 43 8
1334 168 8
1340 107 8
1341 50 8
1346 147 8
1347 115 8
1354 30 9
1355 29 9
1356 50 9
1357 38 9
1365 72 9
1367 38 9
1371 55 9
1373 28 9
1374 30 9
1375 30 9
1376 26 9
1377 73 9
1378 43 9
1382 35 9
1386 47 9
1387 51 9
1388 52 9
1389 34 9
1390 42 9
1395 34 9
1397 51 9
1400 39 9
1401 50 9
1403 44 9
1404 41 9
1409 34 9
1411 45 9
1415 41 9
1418 27 9
1419 43 9
1421 33 9
1422 42 9
1424 47 9
1425 46 9
1426 46 9
1427 26 9
1428 41 9
1432 81 9
1433 109 9
1434 36 9
1435 41 9
1440 49 9
1441 59 9
1442 58 9
1446 72 9
1447 72 9
1448 41 9
1449 40 9
1456 27 9
1457 74 9
1458 63 9
1460 42 9
1461 78 9
1463 39 9
1466 150 9
1467 189 9
1470 31 9
1472 25 9
1474 45 9
1475 40 9
1476 43 9
1477 42 9
1478 39 9
1483 61 9
1484 31 9
1485 37 9
1488 49 9
1489 34 9
1490 30 9
1493 74 9
1494 37 9
1498 64 9
1499 63 9
1500 53 9
1501 72 9
1502 53 9
1509 42 9
1510 142 9
1513 29 9
1516 68 9
1520 97 9
1521 28 9
1523 53 9
1524 43 9
1525 47 9
1526 48 9
1527 48 9
1528 56 9
1529 56 9
1530 49 9
1534 40 9
1535 43 9
1536 53 9
1539 56 9
1541 53 9
1542 44 9
1543 40 9
1544 50 9
1545 37 9
1546 46 9
1547 56 9
1553 34 9
1557 60 9
1558 60 9
1561 70 10
1563 65 10
1564 152 10
1566 194 10
1567 36 10
1568 35 10
1570 109 10
1580 154 10
1583 41 10
1586 49 10
1587 100 10
1588 96 10
1592 112 10
1593 37 10
1595 69 10
1596 72 10
1597 94 10
1598 98 10
1599 165 10
1600 75 10
1602 198 10
1603 146 10
1604 151 10
1605 157 10
1606 35 10
1617 27 10
1620 47 10
1621 43 10
1622 51 10
1624 132 10
1625 130 10
1626 97 10
1627 66 10
1628 61 10
1634 69 10
1635 120 10
1636 78 10
1637 75 10
1638 95 10
1639 67 10
1640 59 10
1641 53 10
1649 75 10
1650 52 10
1651 63 10
1652 61 10
1653 78 10
1654 83 10
1656 93 10
1658 91 10
1661 101 11
1662 80 11
1665 109 11
1666 78 11
1667 132 11
1670 88 11
1673 76 11
1675 141 11
1677 92 11
1678 82 11
1682 89 11
1683 87 11
1685 54 11
1686 39 11
1691 58 11
1693 89 11
1694 136 11
1695 104 11
1696 78 11
1702 57 11
1707 77 11
1708 71 11
1709 85 11
1710 93 11
1711 85 11
1716 98 11
1717 104 11
1718 104 11
1720 73 11
1721 71 11
1722 77 11
1727 100 11
1730 115 11
1735 45 11
1737 76 11
1738 76 11
1739 76 11
1741 61 11
1742 65 11
1743 57 11
1744 58 11
1746 127 11
1747 102 11
1748 102 11
1749 102 11
1750 118 11
1751 103 11
1752 116 11
1753 106 11
1757 100 11
1758 82 11
1759 104 11
1760 119 11
1761 104 11
1762 65 11
1763 87 11
1764 93 11
1765 97 11
1766 88 11
1767 116 11
1768 87 11
1769 100 11
1770 77 11
1771 81 11
1772 76 11
1773 101 11
1774 96 11
1776 86 11
1777 97 11
1778 97 11
1779 97 11
1780 93 11
1782 87 11
1784 103 11
1787 85 11
1788 87 11
1789 91 11
1795 44 11
1796 57 11
1797 57 11
1801 90 11
1802 87 11
1803 78 11
1804 81 11
1805 76 11
1807 148 11
1810 91 11
1811 104 11
1813 87 11
1814 88 11
1817 56 11
1818 55 11
1819 97 11
1821 108 11
1822 90 11
1823 117 11
1824 61 11
1828 64 11
1829 69 11
1830 118 11
1831 59 11
1832 63 11
1837 63 11
1840 79 11
1846 110 11
1847 109 11
1852 68 11
1853 60 11
1854 116 11
1863 104 11
1865 72 11
1879 87 11
1881 121 11
1883 94 11
1892 25 12
1893 53 12
1894 53 12
1895 34 12
1896 36 12
1897 48 12
1900 27 12
1901 28 12
1903 74 12
1904 61 12
1905 34 12
1906 57 12
1907 42 12
1912 43 12
1913 61 12
1914 45 12
1915 37 12
1918 34 12
1919 35 12
1920 124 12
1921 122 12
1922 58 12
1926 37 12
1928 33 12
1933 38 12
1935 82 12
1936 27 12
1939 39 12
1940 32 12
1945 39 12
1946 36 12
1953 33 12
1955 31 12
1956 47 12
1957 47 12
1962 47 12
1963 63 12
1965 71 12
1966 41 12
1967 50 12
1968 30 12
1969 60 12
1970 81 12
1971 34 12
1972 38 12
1983 50 12
1986 51 13
1987 50 13
1988 52 13
1995 95 13
1996 32 13
1997 33 13
1998 48 13
2003 28 13
2005 34 13
2006 28 13
2007 42 13
2008 24 13
2010 45 13
2011 46 13
2012 47 13
2013 61 13
2014 58 13
2016 48 13
2017 35 13
2018 45 13
2019 46 13
2020 72 13
2025 38 13
2034 34 13
2035 43 13
2036 41 13
2037 50 13
2038 32 13
2039 46 13
2040 45 13
2041 46 13
2043 61 13
2044 50 13
2045 46 13
2051 41 13
2052 52 13
2053 42 13
2055 59 13
2056 52 13
2057 43 13
2062 63 13
2063 65 13
2064 41 13
2065 42 13
2066 50 13
2072 41 13
2073 38 13
2075 47 13
2076 40 13
2078 49 13
2079 31 13
2080 54 13
2081 58 13
2082 49 13
2086 62 13
2087 55 13
2088 61 13
2092 59 13
2093 55 13
2096 59 13
2099 44 13
2100 40 13
2101 48 13
2103 40 13
2104 61 13
2105 49 13
2113 44 13
2114 42 13
2115 40 13
2117 62 13
2122 45 13
2123 41 13
2124 43 13
2125 23 13
2129 49 13
2130 51 13
2136 57 13
2137 61 13
2138 46 13
2139 38 13
2147 79 14
2148 54 14
2149 74 14
2153 46 14
2154 42 14
2155 46 14
2156 72 14
2157 69 14
2158 52 14
2159 65 14
2160 52 14
2161 63 14
2162 65 14
2163 65 14
2164 70 14
2165 60 14
2168 71 14
2169 80 14
2170 70 14
2171 65 14
2172 50 14
2173 87 14
2174 57 14
2175 63 14
2176 57 14
2183 60 14
2184 69 14
2191 66 14
2192 68 14
2194 67 14
2195 66 14
2196 49 14
2197 69 14
2198 92 14
2199 57 14
2203 91 14
2204 85 14
2207 64 14
2208 66 14
2209 70 14
2210 54 14
2211 81 14
2212 80 14
2213 64 14
2215 72 14
2216 68 14
2218 100 14
2219 56 14
2221 73 14
2222 74 14
2231 92 14
2232 86 14
2233 93 14
2234 67 14
2235 67 14
2236 66 14
2237 72 14
2239 70 14
2240 64 14
2243 74 14
2244 72 14
2245 80 14
2246 75 14
2249 59 14
2250 57 14
2251 69 14
2252 56 14
2257 76 14
2258 66 14
2259 61 14
2263 71 14
2264 67 14
2270 67 14
2271 54 14
2272 67 14
2273 68 14
2274 47 14
2275 60 14
2276 59 14
2277 53 14
2280 72 14
2281 65 14
2282 79 14
2283 64 14
2284 51 14
2285 58 14
2286 60 14
2287 50 14
2290 56 14
2291 46 14
2292 55 14
2294 77 14
2295 65 14
2296 67 14
2297 69 14
2298 40 14
2299 73 14
2300 36 14
2301 46 14
2302 47 14
2303 54 14
2304 55 14
2305 45 14
2306 52 14
2310 40 14
2311 44 14
2312 86 14
2313 81 14
2314 69 14
2315 47 14
2316 83 14
2317 33 14
2323 50 14
2324 71 14
2325 56 14
