ucf_101 result
         | brush_hair |cartwheel |catch |chew |clap |climb |climb_stairs |dive |draw_sword |dribble |drink |eat |fall_floor |fencing |flic_flac |golf |handstand |hit |hug |jump |kick_ball |kick |kiss |laugh |pick |pour |pullup |punch |push |pushup |ride_bike |ride_horse |run |shake_hands |shoot_ball |shoot_bow |shoot_gun |sit |situp |smile |smoke |somersault |stand |swing_baseball |sword_exercise |sword |talk |throw |turn |walk |wave |
brush_hair | 0.667 |0.000 |0.000 |0.000 |0.033 |0.000 |0.000 |0.000 |0.000 |0.000 |0.033 |0.000 |0.000 |0.000 |0.000 |0.000 |0.000 |0.000 |0.000 |0.000 |0.000 |0.000 |0.033 |0.067 |0.000 |0.000 |0.067 |0.000 |0.000 |0.000 |0.000 |0.000 |0.000 |0.000 |0.000 |0.000 |0.000 |0.067 |0.000 |0.033 |0.000 |0.000 |0.000 |0.000 |0.000 |0.000 |0.000 |0.000 |0.000 |0.000 |0.000 | 
cartwheel | 0.000 |0.267 |0.000 |0.000 |0.000 |0.000 |0.000 |0.000 |0.000 |0.000 |0.000 |0.000 |0.000 |0.033 |0.400 |0.000 |0.233 |0.000 |0.000 |0.033 |0.000 |0.000 |0.000 |0.000 |0.000 |0.000 |0.000 |0.000 |0.000 |0.000 |0.000 |0.000 |0.033 |0.000 |0.000 |0.000 |0.000 |0.000 |0.000 |0.000 |0.000 |0.000 |0.000 |0.000 |0.000 |0.000 |0.000 |0.000 |0.000 |0.000 |0.000 | 
catch | 0.000 |0.000 |0.400 |0.000 |0.000 |0.000 |0.000 |0.033 |0.000 |0.000 |0.000 |0.000 |0.000 |0.000 |0.000 |0.100 |0.000 |0.000 |0.000 |0.200 |0.033 |0.000 |0.000 |0.000 |0.000 |0.000 |0.000 |0.000 |0.000 |0.000 |0.000 |0.000 |0.033 |0.000 |0.000 |0.000 |0.000 |0.000 |0.000 |0.000 |0.000 |0.000 |0.000 |0.167 |0.000 |0.000 |0.000 |0.033 |0.000 |0.000 |0.000 | 
chew | 0.100 |0.000 |0.000 |0.633 |0.000 |0.000 |0.000 |0.000 |0.000 |0.000 |0.067 |0.033 |0.000 |0.000 |0.000 |0.000 |0.000 |0.000 |0.000 |0.000 |0.000 |0.000 |0.000 |0.100 |0.000 |0.000 |0.000 |0.000 |0.000 |0.000 |0.000 |0.000 |0.000 |0.000 |0.000 |0.000 |0.000 |0.000 |0.000 |0.000 |0.067 |0.000 |0.000 |0.000 |0.000 |0.000 |0.000 |0.000 |0.000 |0.000 |0.000 | 
clap | 0.067 |0.000 |0.000 |0.000 |0.433 |0.000 |0.000 |0.000 |0.000 |0.067 |0.100 |0.000 |0.000 |0.000 |0.000 |0.000 |0.000 |0.000 |0.000 |0.000 |0.000 |0.000 |0.000 |0.033 |0.000 |0.100 |0.000 |0.000 |0.000 |0.000 |0.000 |0.000 |0.000 |0.000 |0.000 |0.000 |0.000 |0.000 |0.000 |0.000 |0.033 |0.000 |0.000 |0.000 |0.000 |0.000 |0.000 |0.000 |0.033 |0.000 |0.133 | 
climb | 0.033 |0.000 |0.000 |0.000 |0.000 |0.833 |0.033 |0.000 |0.000 |0.000 |0.000 |0.000 |0.000 |0.000 |0.000 |0.000 |0.000 |0.000 |0.000 |0.100 |0.000 |0.000 |0.000 |0.000 |0.000 |0.000 |0.000 |0.000 |0.000 |0.000 |0.000 |0.000 |0.000 |0.000 |0.000 |0.000 |0.000 |0.000 |0.000 |0.000 |0.000 |0.000 |0.000 |0.000 |0.000 |0.000 |0.000 |0.000 |0.000 |0.000 |0.000 | 
climb_stairs | 0.033 |0.000 |0.000 |0.000 |0.000 |0.000 |0.633 |0.033 |0.000 |0.033 |0.000 |0.000 |0.000 |0.000 |0.000 |0.000 |0.000 |0.000 |0.000 |0.033 |0.033 |0.000 |0.000 |0.000 |0.000 |0.000 |0.000 |0.000 |0.067 |0.033 |0.000 |0.000 |0.000 |0.000 |0.000 |0.000 |0.000 |0.000 |0.000 |0.000 |0.000 |0.000 |0.033 |0.000 |0.000 |0.000 |0.000 |0.033 |0.000 |0.033 |0.000 | 
dive | 0.000 |0.000 |0.000 |0.000 |0.000 |0.100 |0.000 |0.667 |0.000 |0.000 |0.000 |0.000 |0.067 |0.000 |0.000 |0.000 |0.000 |0.000 |0.000 |0.033 |0.000 |0.000 |0.000 |0.000 |0.067 |0.000 |0.000 |0.000 |0.000 |0.000 |0.000 |0.000 |0.000 |0.000 |0.000 |0.000 |0.000 |0.000 |0.000 |0.000 |0.000 |0.067 |0.000 |0.000 |0.000 |0.000 |0.000 |0.000 |0.000 |0.000 |0.000 | 
draw_sword | 0.000 |0.000 |0.000 |0.000 |0.000 |0.000 |0.000 |0.000 |0.400 |0.000 |0.000 |0.000 |0.000 |0.000 |0.000 |0.000 |0.000 |0.000 |0.000 |0.000 |0.000 |0.000 |0.000 |0.000 |0.000 |0.000 |0.000 |0.067 |0.000 |0.000 |0.000 |0.000 |0.000 |0.033 |0.000 |0.000 |0.000 |0.000 |0.000 |0.000 |0.000 |0.000 |0.000 |0.000 |0.267 |0.000 |0.033 |0.000 |0.000 |0.067 |0.133 | 
dribble | 0.000 |0.000 |0.000 |0.000 |0.000 |0.000 |0.000 |0.000 |0.000 |0.900 |0.000 |0.000 |0.000 |0.000 |0.000 |0.000 |0.000 |0.000 |0.000 |0.000 |0.000 |0.000 |0.000 |0.000 |0.000 |0.000 |0.000 |0.000 |0.000 |0.000 |0.000 |0.000 |0.033 |0.000 |0.033 |0.000 |0.000 |0.000 |0.000 |0.000 |0.000 |0.000 |0.000 |0.000 |0.033 |0.000 |0.000 |0.000 |0.000 |0.000 |0.000 | 
drink | 0.000 |0.000 |0.000 |0.000 |0.000 |0.000 |0.000 |0.000 |0.000 |0.000 |0.800 |0.133 |0.000 |0.000 |0.000 |0.000 |0.000 |0.000 |0.000 |0.000 |0.000 |0.000 |0.033 |0.000 |0.000 |0.000 |0.000 |0.000 |0.000 |0.000 |0.000 |0.000 |0.000 |0.000 |0.000 |0.000 |0.000 |0.033 |0.000 |0.000 |0.000 |0.000 |0.000 |0.000 |0.000 |0.000 |0.000 |0.000 |0.000 |0.000 |0.000 | 
eat | 0.000 |0.000 |0.000 |0.000 |0.000 |0.000 |0.000 |0.000 |0.000 |0.000 |0.400 |0.500 |0.000 |0.000 |0.000 |0.000 |0.000 |0.000 |0.000 |0.000 |0.000 |0.000 |0.000 |0.000 |0.000 |0.000 |0.000 |0.000 |0.000 |0.000 |0.000 |0.000 |0.000 |0.000 |0.000 |0.000 |0.000 |0.000 |0.000 |0.033 |0.033 |0.000 |0.000 |0.000 |0.000 |0.000 |0.033 |0.000 |0.000 |0.000 |0.000 | 
fall_floor | 0.000 |0.000 |0.000 |0.000 |0.000 |0.033 |0.000 |0.000 |0.000 |0.000 |0.000 |0.000 |0.467 |0.033 |0.000 |0.000 |0.000 |0.000 |0.000 |0.033 |0.067 |0.133 |0.000 |0.000 |0.067 |0.000 |0.000 |0.067 |0.000 |0.000 |0.000 |0.000 |0.067 |0.000 |0.000 |0.000 |0.000 |0.000 |0.000 |0.000 |0.000 |0.000 |0.033 |0.000 |0.000 |0.000 |0.000 |0.000 |0.000 |0.000 |0.000 | 
fencing | 0.000 |0.000 |0.000 |0.000 |0.000 |0.000 |0.000 |0.000 |0.033 |0.033 |0.000 |0.000 |0.000 |0.533 |0.000 |0.000 |0.000 |0.000 |0.000 |0.067 |0.000 |0.100 |0.000 |0.000 |0.000 |0.000 |0.000 |0.000 |0.000 |0.000 |0.000 |0.000 |0.000 |0.000 |0.000 |0.000 |0.000 |0.000 |0.000 |0.000 |0.000 |0.000 |0.000 |0.000 |0.233 |0.000 |0.000 |0.000 |0.000 |0.000 |0.000 | 
flic_flac | 0.000 |0.233 |0.033 |0.000 |0.000 |0.000 |0.000 |0.000 |0.000 |0.000 |0.000 |0.000 |0.000 |0.000 |0.633 |0.000 |0.033 |0.000 |0.000 |0.033 |0.000 |0.000 |0.000 |0.000 |0.000 |0.000 |0.000 |0.000 |0.000 |0.000 |0.000 |0.000 |0.000 |0.000 |0.033 |0.000 |0.000 |0.000 |0.000 |0.000 |0.000 |0.000 |0.000 |0.000 |0.000 |0.000 |0.000 |0.000 |0.000 |0.000 |0.000 | 
golf | 0.000 |0.000 |0.033 |0.000 |0.000 |0.000 |0.000 |0.000 |0.000 |0.000 |0.000 |0.000 |0.000 |0.000 |0.000 |0.900 |0.033 |0.033 |0.000 |0.000 |0.000 |0.000 |0.000 |0.000 |0.000 |0.000 |0.000 |0.000 |0.000 |0.000 |0.000 |0.000 |0.000 |0.000 |0.000 |0.000 |0.000 |0.000 |0.000 |0.000 |0.000 |0.000 |0.000 |0.000 |0.000 |0.000 |0.000 |0.000 |0.000 |0.000 |0.000 | 
handstand | 0.000 |0.100 |0.000 |0.000 |0.000 |0.000 |0.000 |0.067 |0.000 |0.000 |0.000 |0.000 |0.000 |0.000 |0.000 |0.000 |0.700 |0.033 |0.000 |0.000 |0.000 |0.000 |0.000 |0.000 |0.000 |0.000 |0.000 |0.000 |0.000 |0.000 |0.067 |0.000 |0.000 |0.000 |0.033 |0.000 |0.000 |0.000 |0.000 |0.000 |0.000 |0.000 |0.000 |0.000 |0.000 |0.000 |0.000 |0.000 |0.000 |0.000 |0.000 | 
hit | 0.100 |0.000 |0.000 |0.000 |0.000 |0.000 |0.000 |0.000 |0.000 |0.000 |0.000 |0.000 |0.000 |0.033 |0.000 |0.067 |0.000 |0.300 |0.000 |0.067 |0.000 |0.033 |0.000 |0.000 |0.067 |0.033 |0.067 |0.067 |0.000 |0.000 |0.000 |0.000 |0.000 |0.000 |0.000 |0.000 |0.000 |0.033 |0.000 |0.000 |0.000 |0.000 |0.033 |0.067 |0.000 |0.000 |0.000 |0.033 |0.000 |0.000 |0.000 | 
hug | 0.000 |0.033 |0.000 |0.000 |0.000 |0.000 |0.000 |0.000 |0.000 |0.000 |0.000 |0.000 |0.000 |0.000 |0.000 |0.000 |0.000 |0.067 |0.600 |0.033 |0.000 |0.000 |0.000 |0.000 |0.067 |0.000 |0.000 |0.000 |0.000 |0.000 |0.000 |0.000 |0.000 |0.167 |0.000 |0.000 |0.000 |0.000 |0.000 |0.000 |0.000 |0.000 |0.000 |0.000 |0.000 |0.000 |0.000 |0.000 |0.000 |0.000 |0.033 | 
jump | 0.000 |0.000 |0.000 |0.000 |0.000 |0.000 |0.133 |0.100 |0.000 |0.000 |0.000 |0.000 |0.067 |0.000 |0.000 |0.000 |0.000 |0.000 |0.000 |0.367 |0.167 |0.000 |0.000 |0.000 |0.000 |0.000 |0.000 |0.033 |0.000 |0.000 |0.000 |0.000 |0.033 |0.000 |0.000 |0.000 |0.000 |0.000 |0.000 |0.000 |0.000 |0.000 |0.000 |0.000 |0.000 |0.000 |0.000 |0.100 |0.000 |0.000 |0.000 | 
kick_ball | 0.000 |0.000 |0.133 |0.000 |0.000 |0.033 |0.000 |0.000 |0.000 |0.033 |0.000 |0.000 |0.067 |0.000 |0.000 |0.000 |0.000 |0.033 |0.000 |0.067 |0.400 |0.033 |0.000 |0.000 |0.000 |0.000 |0.000 |0.000 |0.000 |0.000 |0.000 |0.000 |0.133 |0.000 |0.000 |0.000 |0.000 |0.000 |0.000 |0.000 |0.000 |0.000 |0.000 |0.000 |0.000 |0.033 |0.000 |0.033 |0.000 |0.000 |0.000 | 
kick | 0.000 |0.000 |0.000 |0.000 |0.133 |0.000 |0.033 |0.000 |0.000 |0.000 |0.000 |0.000 |0.000 |0.200 |0.000 |0.000 |0.000 |0.000 |0.000 |0.133 |0.000 |0.300 |0.000 |0.000 |0.000 |0.000 |0.033 |0.033 |0.000 |0.000 |0.000 |0.000 |0.033 |0.000 |0.000 |0.000 |0.000 |0.000 |0.000 |0.000 |0.000 |0.000 |0.000 |0.000 |0.000 |0.033 |0.000 |0.033 |0.000 |0.033 |0.000 | 
kiss | 0.000 |0.000 |0.000 |0.000 |0.000 |0.000 |0.033 |0.000 |0.000 |0.000 |0.000 |0.000 |0.033 |0.000 |0.000 |0.000 |0.000 |0.000 |0.000 |0.000 |0.000 |0.000 |0.800 |0.033 |0.000 |0.000 |0.000 |0.000 |0.033 |0.000 |0.000 |0.000 |0.000 |0.000 |0.000 |0.000 |0.000 |0.033 |0.000 |0.000 |0.000 |0.000 |0.000 |0.000 |0.000 |0.000 |0.000 |0.000 |0.000 |0.033 |0.000 | 
laugh | 0.000 |0.000 |0.000 |0.000 |0.000 |0.000 |0.000 |0.000 |0.000 |0.000 |0.000 |0.033 |0.000 |0.000 |0.000 |0.000 |0.000 |0.000 |0.000 |0.000 |0.000 |0.000 |0.000 |0.767 |0.000 |0.000 |0.000 |0.000 |0.000 |0.000 |0.000 |0.000 |0.000 |0.000 |0.000 |0.000 |0.000 |0.000 |0.000 |0.167 |0.000 |0.000 |0.000 |0.000 |0.000 |0.000 |0.000 |0.000 |0.000 |0.000 |0.033 | 
pick | 0.067 |0.000 |0.000 |0.000 |0.000 |0.000 |0.000 |0.033 |0.000 |0.033 |0.000 |0.033 |0.000 |0.000 |0.000 |0.000 |0.033 |0.067 |0.067 |0.000 |0.000 |0.033 |0.000 |0.000 |0.333 |0.000 |0.000 |0.033 |0.000 |0.000 |0.100 |0.033 |0.033 |0.000 |0.067 |0.000 |0.000 |0.033 |0.000 |0.000 |0.000 |0.000 |0.000 |0.000 |0.000 |0.000 |0.000 |0.000 |0.000 |0.000 |0.000 | 
pour | 0.133 |0.000 |0.000 |0.000 |0.000 |0.000 |0.000 |0.000 |0.000 |0.000 |0.000 |0.000 |0.000 |0.000 |0.000 |0.000 |0.000 |0.000 |0.000 |0.000 |0.000 |0.000 |0.000 |0.033 |0.067 |0.767 |0.000 |0.000 |0.000 |0.000 |0.000 |0.000 |0.000 |0.000 |0.000 |0.000 |0.000 |0.000 |0.000 |0.000 |0.000 |0.000 |0.000 |0.000 |0.000 |0.000 |0.000 |0.000 |0.000 |0.000 |0.000 | 
pullup | 0.000 |0.000 |0.000 |0.000 |0.000 |0.000 |0.000 |0.000 |0.000 |0.000 |0.000 |0.000 |0.000 |0.000 |0.000 |0.000 |0.000 |0.000 |0.000 |0.000 |0.000 |0.000 |0.000 |0.000 |0.000 |0.000 |1.000 |0.000 |0.000 |0.000 |0.000 |0.000 |0.000 |0.000 |0.000 |0.000 |0.000 |0.000 |0.000 |0.000 |0.000 |0.000 |0.000 |0.000 |0.000 |0.000 |0.000 |0.000 |0.000 |0.000 |0.000 | 
punch | 0.000 |0.000 |0.000 |0.000 |0.000 |0.000 |0.000 |0.000 |0.000 |0.000 |0.000 |0.000 |0.033 |0.000 |0.000 |0.000 |0.000 |0.033 |0.000 |0.000 |0.000 |0.033 |0.000 |0.000 |0.000 |0.000 |0.000 |0.800 |0.000 |0.000 |0.000 |0.000 |0.033 |0.000 |0.000 |0.033 |0.000 |0.000 |0.000 |0.000 |0.000 |0.000 |0.000 |0.000 |0.033 |0.000 |0.000 |0.000 |0.000 |0.000 |0.000 | 
push | 0.033 |0.000 |0.000 |0.000 |0.000 |0.000 |0.000 |0.000 |0.000 |0.000 |0.000 |0.000 |0.000 |0.000 |0.000 |0.000 |0.000 |0.033 |0.000 |0.000 |0.000 |0.000 |0.000 |0.000 |0.100 |0.000 |0.000 |0.000 |0.633 |0.033 |0.000 |0.000 |0.000 |0.000 |0.000 |0.000 |0.033 |0.033 |0.033 |0.000 |0.000 |0.067 |0.000 |0.000 |0.000 |0.000 |0.000 |0.000 |0.000 |0.000 |0.000 | 
pushup | 0.000 |0.000 |0.000 |0.000 |0.000 |0.000 |0.000 |0.000 |0.000 |0.000 |0.000 |0.000 |0.000 |0.000 |0.000 |0.000 |0.000 |0.000 |0.000 |0.000 |0.000 |0.000 |0.000 |0.000 |0.033 |0.000 |0.000 |0.033 |0.000 |0.867 |0.000 |0.000 |0.000 |0.000 |0.000 |0.000 |0.000 |0.000 |0.067 |0.000 |0.000 |0.000 |0.000 |0.000 |0.000 |0.000 |0.000 |0.000 |0.000 |0.000 |0.000 | 
ride_bike | 0.000 |0.000 |0.000 |0.000 |0.000 |0.000 |0.000 |0.000 |0.000 |0.033 |0.000 |0.000 |0.000 |0.000 |0.000 |0.000 |0.000 |0.000 |0.000 |0.000 |0.000 |0.000 |0.000 |0.000 |0.000 |0.000 |0.000 |0.000 |0.000 |0.000 |0.967 |0.000 |0.000 |0.000 |0.000 |0.000 |0.000 |0.000 |0.000 |0.000 |0.000 |0.000 |0.000 |0.000 |0.000 |0.000 |0.000 |0.000 |0.000 |0.000 |0.000 | 
ride_horse | 0.000 |0.000 |0.000 |0.000 |0.000 |0.000 |0.000 |0.000 |0.000 |0.000 |0.000 |0.000 |0.000 |0.000 |0.000 |0.000 |0.000 |0.000 |0.000 |0.000 |0.000 |0.033 |0.000 |0.000 |0.000 |0.000 |0.000 |0.000 |0.000 |0.000 |0.000 |0.933 |0.033 |0.000 |0.000 |0.000 |0.000 |0.000 |0.000 |0.000 |0.000 |0.000 |0.000 |0.000 |0.000 |0.000 |0.000 |0.000 |0.000 |0.000 |0.000 | 
run | 0.000 |0.000 |0.033 |0.000 |0.000 |0.000 |0.000 |0.033 |0.000 |0.000 |0.000 |0.000 |0.067 |0.000 |0.000 |0.000 |0.000 |0.033 |0.000 |0.033 |0.067 |0.033 |0.000 |0.000 |0.000 |0.000 |0.000 |0.000 |0.000 |0.000 |0.033 |0.033 |0.533 |0.000 |0.000 |0.000 |0.000 |0.033 |0.000 |0.000 |0.000 |0.000 |0.067 |0.000 |0.000 |0.000 |0.000 |0.000 |0.000 |0.000 |0.000 | 
shake_hands | 0.000 |0.000 |0.000 |0.000 |0.033 |0.000 |0.000 |0.000 |0.000 |0.000 |0.000 |0.000 |0.000 |0.000 |0.000 |0.000 |0.000 |0.000 |0.000 |0.000 |0.000 |0.000 |0.000 |0.000 |0.000 |0.000 |0.000 |0.000 |0.000 |0.000 |0.000 |0.000 |0.000 |0.733 |0.000 |0.000 |0.000 |0.033 |0.000 |0.000 |0.000 |0.000 |0.000 |0.000 |0.000 |0.000 |0.000 |0.000 |0.033 |0.100 |0.067 | 
shoot_ball | 0.000 |0.000 |0.000 |0.000 |0.000 |0.000 |0.000 |0.000 |0.000 |0.133 |0.000 |0.000 |0.000 |0.000 |0.000 |0.000 |0.000 |0.000 |0.000 |0.033 |0.100 |0.000 |0.000 |0.000 |0.000 |0.000 |0.000 |0.000 |0.000 |0.000 |0.000 |0.000 |0.000 |0.000 |0.633 |0.000 |0.000 |0.033 |0.000 |0.000 |0.000 |0.000 |0.000 |0.000 |0.000 |0.000 |0.000 |0.033 |0.000 |0.033 |0.000 | 
shoot_bow | 0.033 |0.000 |0.000 |0.000 |0.000 |0.000 |0.000 |0.000 |0.000 |0.000 |0.000 |0.000 |0.000 |0.000 |0.000 |0.000 |0.000 |0.000 |0.000 |0.000 |0.000 |0.000 |0.000 |0.000 |0.000 |0.000 |0.000 |0.033 |0.000 |0.000 |0.000 |0.000 |0.000 |0.000 |0.000 |0.900 |0.000 |0.000 |0.000 |0.000 |0.000 |0.000 |0.000 |0.000 |0.000 |0.000 |0.033 |0.000 |0.000 |0.000 |0.000 | 
shoot_gun | 0.000 |0.000 |0.000 |0.000 |0.000 |0.000 |0.000 |0.067 |0.000 |0.000 |0.000 |0.000 |0.033 |0.000 |0.000 |0.000 |0.000 |0.033 |0.000 |0.000 |0.000 |0.033 |0.000 |0.000 |0.067 |0.000 |0.000 |0.000 |0.000 |0.000 |0.000 |0.000 |0.000 |0.000 |0.000 |0.033 |0.667 |0.000 |0.000 |0.000 |0.000 |0.000 |0.000 |0.000 |0.033 |0.000 |0.000 |0.000 |0.000 |0.000 |0.033 | 
sit | 0.000 |0.000 |0.000 |0.000 |0.000 |0.033 |0.000 |0.000 |0.000 |0.000 |0.033 |0.000 |0.000 |0.000 |0.000 |0.000 |0.000 |0.000 |0.000 |0.000 |0.000 |0.000 |0.000 |0.000 |0.033 |0.000 |0.000 |0.000 |0.000 |0.000 |0.000 |0.000 |0.067 |0.000 |0.000 |0.000 |0.000 |0.433 |0.000 |0.000 |0.000 |0.000 |0.300 |0.000 |0.000 |0.000 |0.000 |0.000 |0.000 |0.067 |0.033 | 
situp | 0.000 |0.000 |0.000 |0.000 |0.000 |0.000 |0.000 |0.000 |0.000 |0.000 |0.000 |0.000 |0.000 |0.000 |0.000 |0.000 |0.000 |0.000 |0.000 |0.000 |0.000 |0.000 |0.000 |0.000 |0.000 |0.000 |0.100 |0.000 |0.000 |0.033 |0.000 |0.000 |0.000 |0.000 |0.000 |0.000 |0.000 |0.000 |0.833 |0.000 |0.000 |0.000 |0.033 |0.000 |0.000 |0.000 |0.000 |0.000 |0.000 |0.000 |0.000 | 
smile | 0.000 |0.000 |0.000 |0.067 |0.000 |0.000 |0.000 |0.000 |0.000 |0.000 |0.000 |0.033 |0.000 |0.000 |0.000 |0.000 |0.000 |0.000 |0.000 |0.000 |0.000 |0.000 |0.000 |0.133 |0.033 |0.000 |0.000 |0.000 |0.033 |0.000 |0.000 |0.000 |0.000 |0.000 |0.000 |0.000 |0.000 |0.000 |0.000 |0.500 |0.067 |0.000 |0.000 |0.000 |0.000 |0.000 |0.100 |0.000 |0.000 |0.000 |0.033 | 
smoke | 0.000 |0.000 |0.000 |0.133 |0.000 |0.000 |0.000 |0.000 |0.000 |0.000 |0.067 |0.133 |0.000 |0.000 |0.000 |0.000 |0.000 |0.000 |0.000 |0.000 |0.000 |0.000 |0.000 |0.033 |0.000 |0.000 |0.000 |0.000 |0.000 |0.000 |0.000 |0.000 |0.000 |0.000 |0.000 |0.000 |0.000 |0.000 |0.000 |0.000 |0.533 |0.000 |0.000 |0.000 |0.000 |0.000 |0.033 |0.000 |0.000 |0.000 |0.067 | 
somersault | 0.000 |0.067 |0.000 |0.000 |0.000 |0.000 |0.000 |0.033 |0.000 |0.000 |0.000 |0.000 |0.000 |0.000 |0.000 |0.000 |0.067 |0.033 |0.000 |0.033 |0.000 |0.000 |0.000 |0.000 |0.000 |0.000 |0.000 |0.000 |0.000 |0.000 |0.000 |0.000 |0.000 |0.033 |0.100 |0.000 |0.000 |0.000 |0.000 |0.000 |0.000 |0.633 |0.000 |0.000 |0.000 |0.000 |0.000 |0.000 |0.000 |0.000 |0.000 | 
stand | 0.000 |0.000 |0.000 |0.000 |0.000 |0.000 |0.000 |0.000 |0.000 |0.000 |0.000 |0.000 |0.100 |0.000 |0.000 |0.000 |0.000 |0.000 |0.000 |0.000 |0.000 |0.000 |0.000 |0.000 |0.000 |0.000 |0.000 |0.100 |0.000 |0.000 |0.000 |0.000 |0.133 |0.000 |0.000 |0.000 |0.000 |0.367 |0.033 |0.000 |0.000 |0.000 |0.233 |0.000 |0.000 |0.000 |0.000 |0.000 |0.000 |0.000 |0.033 | 
swing_baseball | 0.000 |0.000 |0.000 |0.000 |0.000 |0.000 |0.000 |0.000 |0.000 |0.000 |0.000 |0.000 |0.000 |0.000 |0.000 |0.100 |0.000 |0.000 |0.000 |0.000 |0.033 |0.033 |0.000 |0.000 |0.000 |0.000 |0.000 |0.000 |0.000 |0.000 |0.000 |0.000 |0.000 |0.000 |0.000 |0.000 |0.000 |0.000 |0.000 |0.000 |0.000 |0.000 |0.000 |0.167 |0.000 |0.000 |0.000 |0.667 |0.000 |0.000 |0.000 | 
sword_exercise | 0.000 |0.000 |0.000 |0.067 |0.067 |0.000 |0.000 |0.000 |0.267 |0.000 |0.000 |0.000 |0.000 |0.100 |0.000 |0.067 |0.000 |0.000 |0.033 |0.000 |0.000 |0.000 |0.000 |0.000 |0.000 |0.000 |0.000 |0.000 |0.000 |0.000 |0.000 |0.000 |0.000 |0.033 |0.000 |0.000 |0.000 |0.000 |0.000 |0.000 |0.000 |0.000 |0.000 |0.000 |0.167 |0.100 |0.000 |0.000 |0.067 |0.000 |0.033 | 
sword | 0.000 |0.033 |0.000 |0.000 |0.000 |0.000 |0.000 |0.000 |0.167 |0.000 |0.000 |0.000 |0.000 |0.167 |0.000 |0.000 |0.000 |0.000 |0.000 |0.000 |0.033 |0.100 |0.033 |0.000 |0.033 |0.000 |0.000 |0.067 |0.000 |0.000 |0.000 |0.000 |0.033 |0.000 |0.000 |0.000 |0.000 |0.000 |0.000 |0.000 |0.000 |0.000 |0.000 |0.000 |0.033 |0.267 |0.000 |0.033 |0.000 |0.000 |0.000 | 
talk | 0.000 |0.000 |0.000 |0.033 |0.000 |0.000 |0.000 |0.000 |0.000 |0.000 |0.100 |0.067 |0.000 |0.000 |0.000 |0.000 |0.000 |0.000 |0.000 |0.000 |0.000 |0.000 |0.000 |0.033 |0.000 |0.000 |0.000 |0.000 |0.000 |0.000 |0.000 |0.000 |0.000 |0.000 |0.000 |0.000 |0.000 |0.000 |0.000 |0.033 |0.000 |0.000 |0.000 |0.000 |0.000 |0.000 |0.700 |0.000 |0.000 |0.000 |0.033 | 
throw | 0.133 |0.000 |0.000 |0.000 |0.000 |0.033 |0.000 |0.067 |0.033 |0.000 |0.000 |0.000 |0.033 |0.000 |0.000 |0.000 |0.000 |0.000 |0.000 |0.000 |0.000 |0.033 |0.000 |0.000 |0.033 |0.000 |0.000 |0.100 |0.000 |0.000 |0.000 |0.000 |0.000 |0.000 |0.000 |0.000 |0.033 |0.033 |0.000 |0.000 |0.000 |0.000 |0.000 |0.133 |0.133 |0.000 |0.000 |0.167 |0.000 |0.033 |0.000 | 
turn | 0.000 |0.000 |0.000 |0.000 |0.000 |0.000 |0.033 |0.000 |0.033 |0.000 |0.033 |0.133 |0.000 |0.000 |0.000 |0.000 |0.000 |0.000 |0.000 |0.000 |0.033 |0.000 |0.000 |0.000 |0.033 |0.000 |0.000 |0.033 |0.000 |0.000 |0.000 |0.000 |0.033 |0.000 |0.000 |0.000 |0.000 |0.033 |0.000 |0.000 |0.000 |0.000 |0.033 |0.000 |0.000 |0.000 |0.000 |0.033 |0.500 |0.033 |0.000 | 
walk | 0.000 |0.000 |0.000 |0.000 |0.000 |0.000 |0.033 |0.000 |0.000 |0.000 |0.000 |0.000 |0.000 |0.000 |0.000 |0.000 |0.000 |0.000 |0.033 |0.033 |0.000 |0.000 |0.000 |0.000 |0.000 |0.000 |0.000 |0.000 |0.000 |0.000 |0.000 |0.000 |0.267 |0.000 |0.000 |0.000 |0.000 |0.033 |0.000 |0.000 |0.000 |0.000 |0.167 |0.000 |0.000 |0.000 |0.000 |0.000 |0.067 |0.333 |0.033 | 
wave | 0.033 |0.000 |0.000 |0.033 |0.033 |0.000 |0.000 |0.000 |0.033 |0.000 |0.033 |0.033 |0.000 |0.000 |0.000 |0.000 |0.033 |0.000 |0.033 |0.033 |0.000 |0.000 |0.000 |0.000 |0.000 |0.000 |0.000 |0.000 |0.033 |0.000 |0.000 |0.000 |0.000 |0.167 |0.000 |0.067 |0.000 |0.033 |0.000 |0.000 |0.000 |0.000 |0.033 |0.000 |0.033 |0.000 |0.033 |0.000 |0.100 |0.167 |0.033 | 
ucf_101 result_top5
brush_hair : 
 | 0.667 : brush_hair |
 | 0.067 : laugh |
 | 0.067 : pullup |
 | 0.067 : sit |
 | 0.033 : kiss |
 cartwheel : 
 | 0.400 : flic_flac |
 | 0.267 : cartwheel |
 | 0.233 : handstand |
 | 0.033 : fencing |
 | 0.033 : jump |
 catch : 
 | 0.400 : catch |
 | 0.200 : jump |
 | 0.167 : swing_baseball |
 | 0.100 : golf |
 | 0.033 : throw |
 chew : 
 | 0.633 : chew |
 | 0.100 : brush_hair |
 | 0.100 : laugh |
 | 0.067 : smoke |
 | 0.067 : drink |
 clap : 
 | 0.433 : clap |
 | 0.133 : wave |
 | 0.100 : drink |
 | 0.100 : pour |
 | 0.067 : brush_hair |
 climb : 
 | 0.833 : climb |
 | 0.100 : jump |
 | 0.033 : brush_hair |
 | 0.033 : climb_stairs |
 | 0.000 : fencing |
 climb_stairs : 
 | 0.633 : climb_stairs |
 | 0.067 : push |
 | 0.033 : brush_hair |
 | 0.033 : kick_ball |
 | 0.033 : throw |
 dive : 
 | 0.667 : dive |
 | 0.100 : climb |
 | 0.067 : somersault |
 | 0.067 : pick |
 | 0.067 : fall_floor |
 draw_sword : 
 | 0.400 : draw_sword |
 | 0.267 : sword_exercise |
 | 0.133 : wave |
 | 0.067 : walk |
 | 0.067 : punch |
 dribble : 
 | 0.900 : dribble |
 | 0.033 : sword_exercise |
 | 0.033 : run |
 | 0.033 : shoot_ball |
 | 0.000 : wave |
 drink : 
 | 0.800 : drink |
 | 0.133 : eat |
 | 0.033 : sit |
 | 0.033 : kiss |
 | 0.000 : fall_floor |
 eat : 
 | 0.500 : eat |
 | 0.400 : drink |
 | 0.033 : talk |
 | 0.033 : smoke |
 | 0.033 : smile |
 fall_floor : 
 | 0.467 : fall_floor |
 | 0.133 : kick |
 | 0.067 : pick |
 | 0.067 : kick_ball |
 | 0.067 : punch |
 fencing : 
 | 0.533 : fencing |
 | 0.233 : sword_exercise |
 | 0.100 : kick |
 | 0.067 : jump |
 | 0.033 : draw_sword |
 flic_flac : 
 | 0.633 : flic_flac |
 | 0.233 : cartwheel |
 | 0.033 : catch |
 | 0.033 : jump |
 | 0.033 : handstand |
 golf : 
 | 0.900 : golf |
 | 0.033 : catch |
 | 0.033 : hit |
 | 0.033 : handstand |
 | 0.000 : wave |
 handstand : 
 | 0.700 : handstand |
 | 0.100 : cartwheel |
 | 0.067 : ride_bike |
 | 0.067 : dive |
 | 0.033 : hit |
 hit : 
 | 0.300 : hit |
 | 0.100 : brush_hair |
 | 0.067 : golf |
 | 0.067 : jump |
 | 0.067 : swing_baseball |
 hug : 
 | 0.600 : hug |
 | 0.167 : shake_hands |
 | 0.067 : hit |
 | 0.067 : pick |
 | 0.033 : wave |
 jump : 
 | 0.367 : jump |
 | 0.167 : kick_ball |
 | 0.133 : climb_stairs |
 | 0.100 : throw |
 | 0.100 : dive |
 kick_ball : 
 | 0.400 : kick_ball |
 | 0.133 : catch |
 | 0.133 : run |
 | 0.067 : jump |
 | 0.067 : fall_floor |
 kick : 
 | 0.300 : kick |
 | 0.200 : fencing |
 | 0.133 : clap |
 | 0.133 : jump |
 | 0.033 : run |
 kiss : 
 | 0.800 : kiss |
 | 0.033 : climb_stairs |
 | 0.033 : walk |
 | 0.033 : push |
 | 0.033 : fall_floor |
 laugh : 
 | 0.767 : laugh |
 | 0.167 : smile |
 | 0.033 : wave |
 | 0.033 : eat |
 | 0.000 : fencing |
 pick : 
 | 0.333 : pick |
 | 0.100 : ride_bike |
 | 0.067 : brush_hair |
 | 0.067 : hit |
 | 0.067 : shoot_ball |
 pour : 
 | 0.767 : pour |
 | 0.133 : brush_hair |
 | 0.067 : pick |
 | 0.033 : laugh |
 | 0.000 : kick |
 pullup : 
 | 1.000 : pullup |
 | 0.000 : wave |
 | 0.000 : pick |
 | 0.000 : kiss |
 | 0.000 : kick |
 punch : 
 | 0.800 : punch |
 | 0.033 : kick |
 | 0.033 : fall_floor |
 | 0.033 : sword_exercise |
 | 0.033 : hit |
 push : 
 | 0.633 : push |
 | 0.100 : pick |
 | 0.067 : somersault |
 | 0.033 : brush_hair |
 | 0.033 : hit |
 pushup : 
 | 0.867 : pushup |
 | 0.067 : situp |
 | 0.033 : pick |
 | 0.033 : punch |
 | 0.000 : fall_floor |
 ride_bike : 
 | 0.967 : ride_bike |
 | 0.033 : dribble |
 | 0.000 : wave |
 | 0.000 : fencing |
 | 0.000 : kiss |
 ride_horse : 
 | 0.933 : ride_horse |
 | 0.033 : kick |
 | 0.033 : run |
 | 0.000 : wave |
 | 0.000 : laugh |
 run : 
 | 0.533 : run |
 | 0.067 : kick_ball |
 | 0.067 : stand |
 | 0.067 : fall_floor |
 | 0.033 : kick |
 shake_hands : 
 | 0.733 : shake_hands |
 | 0.100 : walk |
 | 0.067 : wave |
 | 0.033 : clap |
 | 0.033 : sit |
 shoot_ball : 
 | 0.633 : shoot_ball |
 | 0.133 : dribble |
 | 0.100 : kick_ball |
 | 0.033 : sit |
 | 0.033 : walk |
 shoot_bow : 
 | 0.900 : shoot_bow |
 | 0.033 : brush_hair |
 | 0.033 : talk |
 | 0.033 : punch |
 | 0.000 : fall_floor |
 shoot_gun : 
 | 0.667 : shoot_gun |
 | 0.067 : pick |
 | 0.067 : dive |
 | 0.033 : kick |
 | 0.033 : hit |
 sit : 
 | 0.433 : sit |
 | 0.300 : stand |
 | 0.067 : walk |
 | 0.067 : run |
 | 0.033 : wave |
 situp : 
 | 0.833 : situp |
 | 0.100 : pullup |
 | 0.033 : pushup |
 | 0.033 : stand |
 | 0.000 : wave |
 smile : 
 | 0.500 : smile |
 | 0.133 : laugh |
 | 0.100 : talk |
 | 0.067 : smoke |
 | 0.067 : chew |
 smoke : 
 | 0.533 : smoke |
 | 0.133 : chew |
 | 0.133 : eat |
 | 0.067 : wave |
 | 0.067 : drink |
 somersault : 
 | 0.633 : somersault |
 | 0.100 : shoot_ball |
 | 0.067 : cartwheel |
 | 0.067 : handstand |
 | 0.033 : jump |
 stand : 
 | 0.367 : sit |
 | 0.233 : stand |
 | 0.133 : run |
 | 0.100 : fall_floor |
 | 0.100 : punch |
 swing_baseball : 
 | 0.667 : throw |
 | 0.167 : swing_baseball |
 | 0.100 : golf |
 | 0.033 : kick |
 | 0.033 : kick_ball |
 sword_exercise : 
 | 0.267 : draw_sword |
 | 0.167 : sword_exercise |
 | 0.100 : sword |
 | 0.100 : fencing |
 | 0.067 : turn |
 sword : 
 | 0.267 : sword |
 | 0.167 : fencing |
 | 0.167 : draw_sword |
 | 0.100 : kick |
 | 0.067 : punch |
 talk : 
 | 0.700 : talk |
 | 0.100 : drink |
 | 0.067 : eat |
 | 0.033 : smile |
 | 0.033 : laugh |
 throw : 
 | 0.167 : throw |
 | 0.133 : brush_hair |
 | 0.133 : sword_exercise |
 | 0.133 : swing_baseball |
 | 0.100 : punch |
 turn : 
 | 0.500 : turn |
 | 0.133 : eat |
 | 0.033 : punch |
 | 0.033 : climb_stairs |
 | 0.033 : drink |
 walk : 
 | 0.333 : walk |
 | 0.267 : run |
 | 0.167 : stand |
 | 0.067 : turn |
 | 0.033 : wave |
 wave : 
 | 0.167 : walk |
 | 0.167 : shake_hands |
 | 0.100 : turn |
 | 0.067 : shoot_bow |
 | 0.033 : wave |
 