ucf_101 result
         | brush_hair |cartwheel |catch |chew |clap |climb |climb_stairs |dive |draw_sword |dribble |drink |eat |fall_floor |fencing |flic_flac |golf |handstand |hit |hug |jump |kick_ball |kick |kiss |laugh |pick |pour |pullup |punch |push |pushup |ride_bike |ride_horse |run |shake_hands |shoot_ball |shoot_bow |shoot_gun |sit |situp |smile |smoke |somersault |stand |swing_baseball |sword_exercise |sword |talk |throw |turn |walk |wave |
brush_hair | 0.633 |0.000 |0.000 |0.000 |0.033 |0.000 |0.000 |0.000 |0.000 |0.000 |0.033 |0.000 |0.000 |0.000 |0.000 |0.000 |0.000 |0.000 |0.000 |0.000 |0.000 |0.000 |0.033 |0.033 |0.100 |0.000 |0.033 |0.000 |0.000 |0.000 |0.000 |0.000 |0.000 |0.000 |0.000 |0.000 |0.000 |0.000 |0.000 |0.067 |0.000 |0.000 |0.000 |0.000 |0.033 |0.000 |0.000 |0.000 |0.000 |0.000 |0.000 | 
cartwheel | 0.000 |0.300 |0.000 |0.000 |0.000 |0.000 |0.000 |0.033 |0.000 |0.000 |0.000 |0.000 |0.000 |0.033 |0.367 |0.000 |0.233 |0.000 |0.000 |0.000 |0.000 |0.000 |0.000 |0.000 |0.000 |0.000 |0.000 |0.000 |0.000 |0.000 |0.000 |0.033 |0.000 |0.000 |0.000 |0.000 |0.000 |0.000 |0.000 |0.000 |0.000 |0.000 |0.000 |0.000 |0.000 |0.000 |0.000 |0.000 |0.000 |0.000 |0.000 | 
catch | 0.000 |0.000 |0.567 |0.000 |0.000 |0.000 |0.000 |0.000 |0.000 |0.000 |0.000 |0.000 |0.000 |0.000 |0.000 |0.000 |0.000 |0.000 |0.000 |0.000 |0.167 |0.000 |0.000 |0.000 |0.000 |0.000 |0.000 |0.000 |0.000 |0.000 |0.000 |0.000 |0.000 |0.000 |0.033 |0.000 |0.000 |0.000 |0.000 |0.000 |0.000 |0.200 |0.033 |0.000 |0.000 |0.000 |0.000 |0.000 |0.000 |0.000 |0.000 | 
chew | 0.067 |0.000 |0.000 |0.567 |0.067 |0.000 |0.000 |0.000 |0.000 |0.000 |0.067 |0.033 |0.000 |0.000 |0.000 |0.000 |0.000 |0.000 |0.000 |0.000 |0.000 |0.000 |0.000 |0.033 |0.000 |0.000 |0.000 |0.000 |0.000 |0.000 |0.000 |0.000 |0.000 |0.000 |0.000 |0.000 |0.000 |0.000 |0.000 |0.067 |0.067 |0.000 |0.000 |0.000 |0.000 |0.000 |0.000 |0.000 |0.000 |0.000 |0.033 | 
clap | 0.000 |0.000 |0.000 |0.000 |0.433 |0.000 |0.000 |0.000 |0.000 |0.067 |0.033 |0.000 |0.000 |0.000 |0.000 |0.000 |0.000 |0.000 |0.000 |0.000 |0.000 |0.000 |0.000 |0.033 |0.000 |0.167 |0.000 |0.000 |0.000 |0.000 |0.000 |0.000 |0.000 |0.033 |0.100 |0.000 |0.000 |0.033 |0.000 |0.000 |0.067 |0.000 |0.033 |0.000 |0.000 |0.000 |0.000 |0.000 |0.000 |0.000 |0.000 | 
climb | 0.000 |0.000 |0.000 |0.000 |0.000 |0.767 |0.067 |0.000 |0.000 |0.033 |0.000 |0.000 |0.000 |0.000 |0.000 |0.000 |0.100 |0.000 |0.000 |0.000 |0.000 |0.000 |0.000 |0.000 |0.000 |0.000 |0.000 |0.000 |0.000 |0.000 |0.000 |0.000 |0.000 |0.000 |0.000 |0.033 |0.000 |0.000 |0.000 |0.000 |0.000 |0.000 |0.000 |0.000 |0.000 |0.000 |0.000 |0.000 |0.000 |0.000 |0.000 | 
climb_stairs | 0.000 |0.000 |0.000 |0.000 |0.000 |0.000 |0.533 |0.000 |0.000 |0.067 |0.000 |0.000 |0.000 |0.000 |0.000 |0.000 |0.000 |0.000 |0.000 |0.000 |0.000 |0.000 |0.000 |0.000 |0.067 |0.000 |0.000 |0.000 |0.100 |0.000 |0.000 |0.000 |0.100 |0.000 |0.000 |0.000 |0.000 |0.000 |0.000 |0.000 |0.000 |0.100 |0.000 |0.000 |0.033 |0.000 |0.000 |0.000 |0.000 |0.000 |0.000 | 
dive | 0.000 |0.000 |0.000 |0.000 |0.000 |0.033 |0.000 |0.667 |0.000 |0.000 |0.000 |0.000 |0.000 |0.000 |0.000 |0.000 |0.000 |0.033 |0.000 |0.067 |0.033 |0.000 |0.000 |0.000 |0.033 |0.000 |0.000 |0.000 |0.000 |0.000 |0.033 |0.033 |0.033 |0.000 |0.000 |0.000 |0.000 |0.000 |0.000 |0.000 |0.000 |0.033 |0.000 |0.000 |0.000 |0.000 |0.000 |0.000 |0.000 |0.000 |0.000 | 
draw_sword | 0.000 |0.000 |0.000 |0.000 |0.000 |0.000 |0.000 |0.000 |0.300 |0.000 |0.000 |0.000 |0.000 |0.000 |0.000 |0.000 |0.000 |0.000 |0.000 |0.000 |0.000 |0.000 |0.000 |0.000 |0.000 |0.000 |0.067 |0.033 |0.000 |0.000 |0.000 |0.000 |0.000 |0.000 |0.000 |0.000 |0.000 |0.000 |0.000 |0.000 |0.000 |0.000 |0.000 |0.000 |0.333 |0.033 |0.033 |0.000 |0.000 |0.000 |0.200 | 
dribble | 0.000 |0.000 |0.000 |0.000 |0.000 |0.000 |0.000 |0.000 |0.000 |0.767 |0.000 |0.000 |0.000 |0.000 |0.000 |0.000 |0.000 |0.000 |0.000 |0.000 |0.033 |0.000 |0.000 |0.000 |0.000 |0.000 |0.000 |0.000 |0.000 |0.000 |0.000 |0.000 |0.033 |0.000 |0.167 |0.000 |0.000 |0.000 |0.000 |0.000 |0.000 |0.000 |0.000 |0.000 |0.000 |0.000 |0.000 |0.000 |0.000 |0.000 |0.000 | 
drink | 0.000 |0.000 |0.000 |0.000 |0.000 |0.000 |0.000 |0.000 |0.000 |0.000 |0.700 |0.133 |0.000 |0.000 |0.000 |0.000 |0.000 |0.000 |0.000 |0.000 |0.000 |0.000 |0.033 |0.000 |0.000 |0.000 |0.000 |0.000 |0.000 |0.000 |0.000 |0.000 |0.000 |0.000 |0.000 |0.000 |0.000 |0.033 |0.000 |0.000 |0.067 |0.000 |0.000 |0.000 |0.000 |0.000 |0.000 |0.000 |0.000 |0.000 |0.033 | 
eat | 0.000 |0.000 |0.000 |0.000 |0.000 |0.000 |0.000 |0.033 |0.000 |0.000 |0.233 |0.567 |0.000 |0.000 |0.000 |0.000 |0.000 |0.000 |0.000 |0.000 |0.000 |0.000 |0.000 |0.000 |0.000 |0.033 |0.000 |0.000 |0.000 |0.000 |0.000 |0.000 |0.000 |0.000 |0.000 |0.000 |0.000 |0.000 |0.000 |0.000 |0.067 |0.000 |0.000 |0.000 |0.000 |0.000 |0.033 |0.000 |0.000 |0.000 |0.033 | 
fall_floor | 0.000 |0.000 |0.000 |0.000 |0.000 |0.000 |0.033 |0.000 |0.000 |0.000 |0.000 |0.000 |0.167 |0.067 |0.000 |0.000 |0.000 |0.000 |0.000 |0.033 |0.133 |0.100 |0.000 |0.000 |0.033 |0.000 |0.000 |0.233 |0.000 |0.000 |0.000 |0.000 |0.067 |0.000 |0.033 |0.000 |0.033 |0.000 |0.000 |0.000 |0.000 |0.000 |0.033 |0.000 |0.000 |0.033 |0.000 |0.000 |0.000 |0.000 |0.000 | 
fencing | 0.000 |0.000 |0.033 |0.000 |0.000 |0.000 |0.000 |0.000 |0.000 |0.000 |0.000 |0.000 |0.000 |0.567 |0.000 |0.000 |0.000 |0.000 |0.000 |0.000 |0.000 |0.033 |0.000 |0.000 |0.000 |0.000 |0.000 |0.033 |0.000 |0.000 |0.000 |0.000 |0.000 |0.000 |0.000 |0.000 |0.000 |0.000 |0.000 |0.000 |0.000 |0.033 |0.000 |0.000 |0.000 |0.300 |0.000 |0.000 |0.000 |0.000 |0.000 | 
flic_flac | 0.000 |0.233 |0.033 |0.000 |0.000 |0.000 |0.000 |0.000 |0.000 |0.000 |0.000 |0.000 |0.000 |0.000 |0.467 |0.000 |0.033 |0.033 |0.000 |0.000 |0.000 |0.000 |0.000 |0.000 |0.033 |0.000 |0.000 |0.000 |0.000 |0.000 |0.000 |0.000 |0.000 |0.000 |0.033 |0.000 |0.000 |0.000 |0.000 |0.000 |0.000 |0.100 |0.000 |0.000 |0.000 |0.033 |0.000 |0.000 |0.000 |0.000 |0.000 | 
golf | 0.000 |0.000 |0.000 |0.000 |0.000 |0.000 |0.000 |0.000 |0.000 |0.000 |0.000 |0.000 |0.000 |0.000 |0.000 |0.933 |0.033 |0.033 |0.000 |0.000 |0.000 |0.000 |0.000 |0.000 |0.000 |0.000 |0.000 |0.000 |0.000 |0.000 |0.000 |0.000 |0.000 |0.000 |0.000 |0.000 |0.000 |0.000 |0.000 |0.000 |0.000 |0.000 |0.000 |0.000 |0.000 |0.000 |0.000 |0.000 |0.000 |0.000 |0.000 | 
handstand | 0.000 |0.200 |0.000 |0.000 |0.000 |0.000 |0.000 |0.033 |0.000 |0.000 |0.000 |0.000 |0.000 |0.000 |0.033 |0.033 |0.567 |0.000 |0.000 |0.000 |0.000 |0.000 |0.000 |0.000 |0.000 |0.000 |0.000 |0.000 |0.000 |0.000 |0.000 |0.067 |0.000 |0.000 |0.033 |0.000 |0.000 |0.000 |0.000 |0.000 |0.000 |0.033 |0.000 |0.000 |0.000 |0.000 |0.000 |0.000 |0.000 |0.000 |0.000 | 
hit | 0.100 |0.100 |0.000 |0.000 |0.000 |0.000 |0.000 |0.000 |0.000 |0.000 |0.033 |0.000 |0.000 |0.033 |0.000 |0.067 |0.000 |0.200 |0.000 |0.000 |0.000 |0.000 |0.000 |0.000 |0.133 |0.067 |0.000 |0.067 |0.000 |0.000 |0.000 |0.000 |0.000 |0.000 |0.000 |0.000 |0.000 |0.167 |0.000 |0.000 |0.000 |0.000 |0.000 |0.000 |0.000 |0.000 |0.000 |0.033 |0.000 |0.000 |0.000 | 
hug | 0.000 |0.000 |0.000 |0.000 |0.033 |0.000 |0.000 |0.000 |0.000 |0.000 |0.000 |0.000 |0.000 |0.000 |0.000 |0.000 |0.000 |0.000 |0.733 |0.000 |0.000 |0.000 |0.033 |0.000 |0.000 |0.000 |0.000 |0.000 |0.000 |0.000 |0.033 |0.033 |0.000 |0.033 |0.000 |0.000 |0.000 |0.000 |0.000 |0.000 |0.000 |0.000 |0.000 |0.000 |0.000 |0.033 |0.000 |0.000 |0.033 |0.000 |0.033 | 
jump | 0.000 |0.000 |0.000 |0.000 |0.000 |0.000 |0.133 |0.033 |0.000 |0.000 |0.000 |0.000 |0.000 |0.000 |0.000 |0.000 |0.000 |0.000 |0.000 |0.167 |0.300 |0.033 |0.000 |0.000 |0.000 |0.000 |0.000 |0.033 |0.000 |0.000 |0.000 |0.000 |0.033 |0.000 |0.000 |0.000 |0.000 |0.000 |0.000 |0.000 |0.000 |0.133 |0.067 |0.000 |0.000 |0.000 |0.000 |0.067 |0.000 |0.000 |0.000 | 
kick_ball | 0.000 |0.000 |0.067 |0.033 |0.000 |0.000 |0.000 |0.100 |0.000 |0.033 |0.000 |0.000 |0.067 |0.000 |0.000 |0.000 |0.000 |0.000 |0.000 |0.000 |0.500 |0.033 |0.000 |0.000 |0.000 |0.000 |0.000 |0.000 |0.000 |0.000 |0.000 |0.000 |0.100 |0.000 |0.033 |0.000 |0.000 |0.000 |0.000 |0.000 |0.000 |0.000 |0.000 |0.000 |0.033 |0.000 |0.000 |0.000 |0.000 |0.000 |0.000 | 
kick | 0.000 |0.033 |0.000 |0.000 |0.067 |0.000 |0.033 |0.000 |0.000 |0.000 |0.000 |0.000 |0.000 |0.300 |0.000 |0.000 |0.000 |0.000 |0.000 |0.067 |0.000 |0.233 |0.000 |0.000 |0.000 |0.000 |0.000 |0.067 |0.000 |0.000 |0.000 |0.000 |0.033 |0.000 |0.000 |0.000 |0.033 |0.000 |0.000 |0.000 |0.000 |0.000 |0.000 |0.000 |0.000 |0.100 |0.000 |0.033 |0.000 |0.000 |0.000 | 
kiss | 0.000 |0.000 |0.000 |0.000 |0.000 |0.000 |0.033 |0.000 |0.000 |0.000 |0.033 |0.000 |0.033 |0.000 |0.000 |0.000 |0.000 |0.000 |0.000 |0.000 |0.000 |0.000 |0.833 |0.000 |0.000 |0.000 |0.000 |0.000 |0.000 |0.000 |0.000 |0.000 |0.000 |0.000 |0.000 |0.000 |0.000 |0.000 |0.000 |0.000 |0.033 |0.000 |0.033 |0.000 |0.000 |0.000 |0.000 |0.000 |0.000 |0.000 |0.000 | 
laugh | 0.067 |0.000 |0.000 |0.067 |0.033 |0.000 |0.000 |0.000 |0.000 |0.000 |0.000 |0.067 |0.000 |0.000 |0.000 |0.000 |0.000 |0.000 |0.000 |0.000 |0.000 |0.000 |0.000 |0.400 |0.000 |0.000 |0.000 |0.000 |0.000 |0.000 |0.000 |0.000 |0.000 |0.000 |0.000 |0.000 |0.000 |0.000 |0.000 |0.333 |0.000 |0.000 |0.000 |0.000 |0.000 |0.000 |0.000 |0.000 |0.000 |0.000 |0.033 | 
pick | 0.000 |0.033 |0.000 |0.000 |0.000 |0.000 |0.033 |0.000 |0.000 |0.033 |0.033 |0.000 |0.033 |0.000 |0.033 |0.000 |0.000 |0.033 |0.067 |0.000 |0.000 |0.000 |0.000 |0.000 |0.200 |0.033 |0.000 |0.033 |0.100 |0.000 |0.100 |0.000 |0.000 |0.033 |0.100 |0.000 |0.000 |0.000 |0.000 |0.000 |0.033 |0.000 |0.000 |0.000 |0.000 |0.033 |0.000 |0.033 |0.000 |0.000 |0.000 | 
pour | 0.033 |0.000 |0.000 |0.000 |0.000 |0.000 |0.000 |0.000 |0.000 |0.000 |0.000 |0.000 |0.000 |0.000 |0.000 |0.000 |0.000 |0.000 |0.000 |0.000 |0.000 |0.000 |0.000 |0.033 |0.100 |0.767 |0.000 |0.000 |0.000 |0.000 |0.000 |0.000 |0.000 |0.000 |0.000 |0.000 |0.000 |0.000 |0.000 |0.000 |0.000 |0.000 |0.000 |0.000 |0.000 |0.000 |0.067 |0.000 |0.000 |0.000 |0.000 | 
pullup | 0.000 |0.000 |0.000 |0.000 |0.000 |0.000 |0.000 |0.000 |0.000 |0.000 |0.000 |0.000 |0.000 |0.000 |0.000 |0.000 |0.000 |0.000 |0.000 |0.000 |0.000 |0.000 |0.000 |0.000 |0.000 |0.000 |1.000 |0.000 |0.000 |0.000 |0.000 |0.000 |0.000 |0.000 |0.000 |0.000 |0.000 |0.000 |0.000 |0.000 |0.000 |0.000 |0.000 |0.000 |0.000 |0.000 |0.000 |0.000 |0.000 |0.000 |0.000 | 
punch | 0.000 |0.000 |0.000 |0.000 |0.000 |0.000 |0.000 |0.000 |0.033 |0.000 |0.033 |0.000 |0.067 |0.100 |0.000 |0.000 |0.000 |0.033 |0.000 |0.000 |0.000 |0.033 |0.000 |0.000 |0.000 |0.000 |0.000 |0.500 |0.000 |0.000 |0.000 |0.000 |0.033 |0.000 |0.000 |0.000 |0.000 |0.000 |0.000 |0.000 |0.000 |0.000 |0.033 |0.000 |0.067 |0.033 |0.000 |0.000 |0.033 |0.000 |0.000 | 
push | 0.000 |0.000 |0.000 |0.000 |0.000 |0.000 |0.000 |0.000 |0.000 |0.000 |0.000 |0.000 |0.000 |0.000 |0.000 |0.000 |0.000 |0.000 |0.033 |0.000 |0.000 |0.000 |0.000 |0.000 |0.000 |0.000 |0.000 |0.000 |0.867 |0.067 |0.000 |0.000 |0.000 |0.000 |0.000 |0.000 |0.033 |0.000 |0.000 |0.000 |0.000 |0.000 |0.000 |0.000 |0.000 |0.000 |0.000 |0.000 |0.000 |0.000 |0.000 | 
pushup | 0.000 |0.000 |0.000 |0.000 |0.000 |0.000 |0.000 |0.000 |0.000 |0.000 |0.000 |0.000 |0.000 |0.000 |0.000 |0.000 |0.000 |0.033 |0.000 |0.000 |0.000 |0.000 |0.000 |0.000 |0.067 |0.000 |0.000 |0.000 |0.033 |0.867 |0.000 |0.000 |0.000 |0.000 |0.000 |0.000 |0.000 |0.000 |0.000 |0.000 |0.000 |0.000 |0.000 |0.000 |0.000 |0.000 |0.000 |0.000 |0.000 |0.000 |0.000 | 
ride_bike | 0.000 |0.000 |0.000 |0.000 |0.000 |0.000 |0.000 |0.000 |0.000 |0.000 |0.000 |0.000 |0.000 |0.000 |0.000 |0.000 |0.000 |0.000 |0.000 |0.000 |0.000 |0.000 |0.000 |0.000 |0.000 |0.000 |0.000 |0.000 |0.000 |0.000 |1.000 |0.000 |0.000 |0.000 |0.000 |0.000 |0.000 |0.000 |0.000 |0.000 |0.000 |0.000 |0.000 |0.000 |0.000 |0.000 |0.000 |0.000 |0.000 |0.000 |0.000 | 
ride_horse | 0.000 |0.000 |0.000 |0.000 |0.000 |0.000 |0.000 |0.000 |0.000 |0.000 |0.000 |0.000 |0.033 |0.000 |0.000 |0.000 |0.000 |0.000 |0.000 |0.000 |0.000 |0.000 |0.000 |0.000 |0.000 |0.000 |0.000 |0.000 |0.000 |0.000 |0.000 |0.967 |0.000 |0.000 |0.000 |0.000 |0.000 |0.000 |0.000 |0.000 |0.000 |0.000 |0.000 |0.000 |0.000 |0.000 |0.000 |0.000 |0.000 |0.000 |0.000 | 
run | 0.000 |0.000 |0.067 |0.000 |0.000 |0.000 |0.033 |0.033 |0.000 |0.033 |0.000 |0.000 |0.000 |0.000 |0.000 |0.000 |0.000 |0.000 |0.000 |0.000 |0.067 |0.033 |0.000 |0.000 |0.000 |0.000 |0.000 |0.000 |0.000 |0.000 |0.000 |0.067 |0.533 |0.000 |0.033 |0.000 |0.000 |0.067 |0.000 |0.000 |0.000 |0.000 |0.000 |0.000 |0.000 |0.000 |0.000 |0.000 |0.000 |0.033 |0.000 | 
shake_hands | 0.000 |0.000 |0.000 |0.000 |0.033 |0.000 |0.033 |0.000 |0.000 |0.000 |0.000 |0.000 |0.000 |0.000 |0.000 |0.000 |0.000 |0.000 |0.033 |0.000 |0.000 |0.000 |0.000 |0.000 |0.000 |0.000 |0.000 |0.000 |0.000 |0.000 |0.000 |0.000 |0.000 |0.767 |0.033 |0.000 |0.000 |0.000 |0.000 |0.000 |0.000 |0.000 |0.000 |0.000 |0.000 |0.000 |0.000 |0.000 |0.033 |0.000 |0.067 | 
shoot_ball | 0.000 |0.000 |0.033 |0.000 |0.000 |0.000 |0.000 |0.033 |0.000 |0.000 |0.000 |0.000 |0.000 |0.000 |0.000 |0.000 |0.000 |0.000 |0.000 |0.000 |0.000 |0.000 |0.000 |0.000 |0.000 |0.000 |0.000 |0.000 |0.000 |0.000 |0.000 |0.000 |0.000 |0.000 |0.867 |0.000 |0.000 |0.000 |0.000 |0.000 |0.000 |0.000 |0.000 |0.000 |0.000 |0.000 |0.000 |0.033 |0.000 |0.033 |0.000 | 
shoot_bow | 0.000 |0.000 |0.000 |0.000 |0.000 |0.000 |0.033 |0.000 |0.000 |0.000 |0.000 |0.000 |0.000 |0.000 |0.000 |0.000 |0.000 |0.000 |0.000 |0.000 |0.000 |0.000 |0.000 |0.000 |0.000 |0.000 |0.000 |0.033 |0.000 |0.000 |0.000 |0.000 |0.000 |0.000 |0.000 |0.933 |0.000 |0.000 |0.000 |0.000 |0.000 |0.000 |0.000 |0.000 |0.000 |0.000 |0.000 |0.000 |0.000 |0.000 |0.000 | 
shoot_gun | 0.000 |0.000 |0.000 |0.000 |0.000 |0.000 |0.033 |0.000 |0.000 |0.000 |0.000 |0.000 |0.000 |0.000 |0.000 |0.000 |0.033 |0.033 |0.000 |0.000 |0.000 |0.033 |0.000 |0.000 |0.000 |0.000 |0.000 |0.000 |0.000 |0.033 |0.000 |0.000 |0.033 |0.000 |0.033 |0.033 |0.500 |0.000 |0.067 |0.000 |0.000 |0.000 |0.033 |0.000 |0.133 |0.000 |0.000 |0.000 |0.000 |0.000 |0.000 | 
sit | 0.000 |0.000 |0.000 |0.000 |0.000 |0.000 |0.000 |0.000 |0.000 |0.000 |0.133 |0.000 |0.067 |0.000 |0.000 |0.000 |0.000 |0.000 |0.000 |0.000 |0.033 |0.000 |0.000 |0.000 |0.033 |0.000 |0.000 |0.000 |0.000 |0.000 |0.000 |0.000 |0.033 |0.000 |0.000 |0.000 |0.000 |0.433 |0.000 |0.000 |0.000 |0.000 |0.167 |0.000 |0.033 |0.000 |0.033 |0.000 |0.000 |0.033 |0.000 | 
situp | 0.000 |0.000 |0.000 |0.000 |0.000 |0.000 |0.000 |0.000 |0.000 |0.033 |0.000 |0.000 |0.000 |0.000 |0.000 |0.000 |0.000 |0.000 |0.000 |0.000 |0.000 |0.000 |0.000 |0.100 |0.000 |0.100 |0.000 |0.000 |0.000 |0.000 |0.000 |0.000 |0.000 |0.000 |0.000 |0.000 |0.000 |0.000 |0.767 |0.000 |0.000 |0.000 |0.000 |0.000 |0.000 |0.000 |0.000 |0.000 |0.000 |0.000 |0.000 | 
smile | 0.000 |0.000 |0.000 |0.033 |0.000 |0.000 |0.000 |0.000 |0.000 |0.000 |0.000 |0.000 |0.000 |0.000 |0.000 |0.000 |0.000 |0.000 |0.000 |0.000 |0.000 |0.000 |0.000 |0.233 |0.000 |0.033 |0.000 |0.000 |0.000 |0.000 |0.000 |0.000 |0.000 |0.000 |0.000 |0.000 |0.000 |0.000 |0.000 |0.533 |0.100 |0.000 |0.000 |0.000 |0.000 |0.000 |0.067 |0.000 |0.000 |0.000 |0.000 | 
smoke | 0.000 |0.000 |0.000 |0.267 |0.000 |0.000 |0.000 |0.000 |0.000 |0.000 |0.100 |0.133 |0.000 |0.000 |0.000 |0.000 |0.000 |0.000 |0.000 |0.000 |0.000 |0.000 |0.000 |0.033 |0.000 |0.000 |0.000 |0.000 |0.000 |0.000 |0.000 |0.000 |0.000 |0.000 |0.000 |0.000 |0.000 |0.033 |0.000 |0.067 |0.300 |0.000 |0.000 |0.000 |0.000 |0.000 |0.000 |0.000 |0.000 |0.000 |0.067 | 
somersault | 0.000 |0.100 |0.000 |0.000 |0.000 |0.000 |0.000 |0.033 |0.000 |0.000 |0.000 |0.000 |0.000 |0.000 |0.000 |0.000 |0.067 |0.000 |0.000 |0.000 |0.000 |0.000 |0.000 |0.000 |0.000 |0.000 |0.000 |0.000 |0.000 |0.000 |0.000 |0.000 |0.000 |0.000 |0.100 |0.000 |0.000 |0.000 |0.000 |0.000 |0.000 |0.667 |0.000 |0.000 |0.000 |0.033 |0.000 |0.000 |0.000 |0.000 |0.000 | 
stand | 0.000 |0.000 |0.000 |0.000 |0.000 |0.000 |0.000 |0.000 |0.033 |0.000 |0.000 |0.067 |0.067 |0.000 |0.000 |0.000 |0.000 |0.000 |0.000 |0.033 |0.000 |0.033 |0.000 |0.000 |0.000 |0.033 |0.000 |0.000 |0.033 |0.000 |0.000 |0.000 |0.100 |0.000 |0.000 |0.000 |0.000 |0.333 |0.000 |0.000 |0.000 |0.000 |0.167 |0.000 |0.000 |0.000 |0.000 |0.000 |0.033 |0.033 |0.033 | 
swing_baseball | 0.000 |0.000 |0.000 |0.000 |0.000 |0.000 |0.000 |0.000 |0.000 |0.000 |0.000 |0.000 |0.000 |0.033 |0.000 |0.100 |0.000 |0.000 |0.000 |0.000 |0.033 |0.067 |0.000 |0.000 |0.000 |0.000 |0.000 |0.000 |0.000 |0.000 |0.000 |0.000 |0.033 |0.000 |0.000 |0.000 |0.000 |0.000 |0.000 |0.000 |0.000 |0.000 |0.067 |0.200 |0.000 |0.000 |0.000 |0.467 |0.000 |0.000 |0.000 | 
sword_exercise | 0.000 |0.000 |0.033 |0.000 |0.000 |0.000 |0.000 |0.000 |0.367 |0.000 |0.000 |0.000 |0.000 |0.000 |0.000 |0.033 |0.033 |0.000 |0.000 |0.000 |0.000 |0.000 |0.000 |0.000 |0.000 |0.067 |0.067 |0.000 |0.000 |0.000 |0.000 |0.000 |0.000 |0.067 |0.000 |0.000 |0.000 |0.000 |0.000 |0.000 |0.000 |0.000 |0.000 |0.000 |0.167 |0.133 |0.000 |0.033 |0.000 |0.000 |0.000 | 
sword | 0.000 |0.000 |0.000 |0.000 |0.000 |0.000 |0.000 |0.000 |0.167 |0.000 |0.000 |0.000 |0.000 |0.100 |0.000 |0.000 |0.033 |0.000 |0.000 |0.000 |0.100 |0.033 |0.000 |0.000 |0.000 |0.000 |0.000 |0.067 |0.000 |0.000 |0.000 |0.000 |0.033 |0.000 |0.000 |0.000 |0.000 |0.000 |0.000 |0.000 |0.000 |0.000 |0.000 |0.000 |0.000 |0.433 |0.000 |0.000 |0.000 |0.000 |0.033 | 
talk | 0.000 |0.000 |0.000 |0.067 |0.000 |0.000 |0.000 |0.000 |0.000 |0.000 |0.033 |0.033 |0.000 |0.000 |0.000 |0.000 |0.000 |0.000 |0.000 |0.000 |0.000 |0.000 |0.000 |0.033 |0.000 |0.000 |0.000 |0.000 |0.000 |0.000 |0.000 |0.000 |0.000 |0.000 |0.000 |0.000 |0.000 |0.000 |0.000 |0.000 |0.067 |0.000 |0.000 |0.000 |0.000 |0.000 |0.767 |0.000 |0.000 |0.000 |0.000 | 
throw | 0.033 |0.000 |0.000 |0.000 |0.067 |0.000 |0.000 |0.067 |0.000 |0.000 |0.000 |0.000 |0.033 |0.000 |0.000 |0.000 |0.000 |0.000 |0.000 |0.000 |0.033 |0.033 |0.000 |0.000 |0.167 |0.000 |0.000 |0.033 |0.000 |0.033 |0.000 |0.000 |0.000 |0.000 |0.033 |0.000 |0.000 |0.033 |0.000 |0.000 |0.000 |0.000 |0.000 |0.233 |0.000 |0.033 |0.000 |0.067 |0.033 |0.033 |0.033 | 
turn | 0.000 |0.000 |0.033 |0.000 |0.000 |0.000 |0.000 |0.000 |0.000 |0.000 |0.067 |0.033 |0.000 |0.000 |0.000 |0.000 |0.000 |0.000 |0.000 |0.000 |0.033 |0.000 |0.000 |0.000 |0.067 |0.000 |0.000 |0.033 |0.000 |0.000 |0.000 |0.000 |0.033 |0.033 |0.000 |0.000 |0.000 |0.067 |0.000 |0.000 |0.000 |0.000 |0.033 |0.000 |0.000 |0.000 |0.033 |0.000 |0.467 |0.067 |0.000 | 
walk | 0.000 |0.000 |0.000 |0.000 |0.000 |0.000 |0.000 |0.000 |0.000 |0.000 |0.000 |0.033 |0.000 |0.000 |0.000 |0.000 |0.000 |0.033 |0.000 |0.033 |0.000 |0.000 |0.000 |0.000 |0.000 |0.000 |0.000 |0.000 |0.000 |0.000 |0.000 |0.000 |0.167 |0.033 |0.000 |0.000 |0.000 |0.033 |0.000 |0.000 |0.000 |0.000 |0.033 |0.000 |0.000 |0.000 |0.000 |0.000 |0.067 |0.533 |0.033 | 
wave | 0.033 |0.000 |0.033 |0.000 |0.067 |0.000 |0.000 |0.000 |0.000 |0.000 |0.000 |0.000 |0.000 |0.000 |0.000 |0.000 |0.000 |0.000 |0.033 |0.033 |0.000 |0.000 |0.000 |0.000 |0.067 |0.000 |0.033 |0.000 |0.000 |0.000 |0.000 |0.033 |0.000 |0.067 |0.033 |0.000 |0.000 |0.000 |0.000 |0.000 |0.000 |0.000 |0.000 |0.000 |0.200 |0.000 |0.067 |0.033 |0.033 |0.100 |0.133 | 
ucf_101 result_top5
brush_hair : 
 | 0.633 : brush_hair |
 | 0.100 : pick |
 | 0.067 : smile |
 | 0.033 : pullup |
 | 0.033 : kiss |
 cartwheel : 
 | 0.367 : flic_flac |
 | 0.300 : cartwheel |
 | 0.233 : handstand |
 | 0.033 : fencing |
 | 0.033 : dive |
 catch : 
 | 0.567 : catch |
 | 0.200 : somersault |
 | 0.167 : kick_ball |
 | 0.033 : stand |
 | 0.033 : shoot_ball |
 chew : 
 | 0.567 : chew |
 | 0.067 : brush_hair |
 | 0.067 : smoke |
 | 0.067 : clap |
 | 0.067 : drink |
 clap : 
 | 0.433 : clap |
 | 0.167 : pour |
 | 0.100 : shoot_ball |
 | 0.067 : dribble |
 | 0.067 : smoke |
 climb : 
 | 0.767 : climb |
 | 0.100 : handstand |
 | 0.067 : climb_stairs |
 | 0.033 : shoot_bow |
 | 0.033 : dribble |
 climb_stairs : 
 | 0.533 : climb_stairs |
 | 0.100 : push |
 | 0.100 : somersault |
 | 0.100 : run |
 | 0.067 : pick |
 dive : 
 | 0.667 : dive |
 | 0.067 : jump |
 | 0.033 : pick |
 | 0.033 : kick_ball |
 | 0.033 : climb |
 draw_sword : 
 | 0.333 : sword_exercise |
 | 0.300 : draw_sword |
 | 0.200 : wave |
 | 0.067 : pullup |
 | 0.033 : talk |
 dribble : 
 | 0.767 : dribble |
 | 0.167 : shoot_ball |
 | 0.033 : kick_ball |
 | 0.033 : run |
 | 0.000 : wave |
 drink : 
 | 0.700 : drink |
 | 0.133 : eat |
 | 0.067 : smoke |
 | 0.033 : wave |
 | 0.033 : sit |
 eat : 
 | 0.567 : eat |
 | 0.233 : drink |
 | 0.067 : smoke |
 | 0.033 : wave |
 | 0.033 : dive |
 fall_floor : 
 | 0.233 : punch |
 | 0.167 : fall_floor |
 | 0.133 : kick_ball |
 | 0.100 : kick |
 | 0.067 : fencing |
 fencing : 
 | 0.567 : fencing |
 | 0.300 : sword |
 | 0.033 : kick |
 | 0.033 : catch |
 | 0.033 : punch |
 flic_flac : 
 | 0.467 : flic_flac |
 | 0.233 : cartwheel |
 | 0.100 : somersault |
 | 0.033 : pick |
 | 0.033 : shoot_ball |
 golf : 
 | 0.933 : golf |
 | 0.033 : hit |
 | 0.033 : handstand |
 | 0.000 : wave |
 | 0.000 : fall_floor |
 handstand : 
 | 0.567 : handstand |
 | 0.200 : cartwheel |
 | 0.067 : ride_horse |
 | 0.033 : dive |
 | 0.033 : somersault |
 hit : 
 | 0.200 : hit |
 | 0.167 : sit |
 | 0.133 : pick |
 | 0.100 : brush_hair |
 | 0.100 : cartwheel |
 hug : 
 | 0.733 : hug |
 | 0.033 : wave |
 | 0.033 : turn |
 | 0.033 : sword |
 | 0.033 : clap |
 jump : 
 | 0.300 : kick_ball |
 | 0.167 : jump |
 | 0.133 : somersault |
 | 0.133 : climb_stairs |
 | 0.067 : throw |
 kick_ball : 
 | 0.500 : kick_ball |
 | 0.100 : run |
 | 0.100 : dive |
 | 0.067 : catch |
 | 0.067 : fall_floor |
 kick : 
 | 0.300 : fencing |
 | 0.233 : kick |
 | 0.100 : sword |
 | 0.067 : jump |
 | 0.067 : punch |
 kiss : 
 | 0.833 : kiss |
 | 0.033 : climb_stairs |
 | 0.033 : fall_floor |
 | 0.033 : smoke |
 | 0.033 : stand |
 laugh : 
 | 0.400 : laugh |
 | 0.333 : smile |
 | 0.067 : brush_hair |
 | 0.067 : chew |
 | 0.067 : eat |
 pick : 
 | 0.200 : pick |
 | 0.100 : shoot_ball |
 | 0.100 : push |
 | 0.100 : ride_bike |
 | 0.067 : hug |
 pour : 
 | 0.767 : pour |
 | 0.100 : pick |
 | 0.067 : talk |
 | 0.033 : laugh |
 | 0.033 : brush_hair |
 pullup : 
 | 1.000 : pullup |
 | 0.000 : wave |
 | 0.000 : pick |
 | 0.000 : kiss |
 | 0.000 : kick |
 punch : 
 | 0.500 : punch |
 | 0.100 : fencing |
 | 0.067 : sword_exercise |
 | 0.067 : fall_floor |
 | 0.033 : sword |
 push : 
 | 0.867 : push |
 | 0.067 : pushup |
 | 0.033 : shoot_gun |
 | 0.033 : hug |
 | 0.000 : wave |
 pushup : 
 | 0.867 : pushup |
 | 0.067 : pick |
 | 0.033 : push |
 | 0.033 : hit |
 | 0.000 : fencing |
 ride_bike : 
 | 1.000 : ride_bike |
 | 0.000 : wave |
 | 0.000 : pick |
 | 0.000 : kiss |
 | 0.000 : kick |
 ride_horse : 
 | 0.967 : ride_horse |
 | 0.033 : fall_floor |
 | 0.000 : pick |
 | 0.000 : kiss |
 | 0.000 : kick |
 run : 
 | 0.533 : run |
 | 0.067 : kick_ball |
 | 0.067 : catch |
 | 0.067 : ride_horse |
 | 0.067 : sit |
 shake_hands : 
 | 0.767 : shake_hands |
 | 0.067 : wave |
 | 0.033 : turn |
 | 0.033 : clap |
 | 0.033 : hug |
 shoot_ball : 
 | 0.867 : shoot_ball |
 | 0.033 : walk |
 | 0.033 : throw |
 | 0.033 : catch |
 | 0.033 : dive |
 shoot_bow : 
 | 0.933 : shoot_bow |
 | 0.033 : punch |
 | 0.033 : climb_stairs |
 | 0.000 : wave |
 | 0.000 : fencing |
 shoot_gun : 
 | 0.500 : shoot_gun |
 | 0.133 : sword_exercise |
 | 0.067 : situp |
 | 0.033 : shoot_bow |
 | 0.033 : hit |
 sit : 
 | 0.433 : sit |
 | 0.167 : stand |
 | 0.133 : drink |
 | 0.067 : fall_floor |
 | 0.033 : sword_exercise |
 situp : 
 | 0.767 : situp |
 | 0.100 : pour |
 | 0.100 : laugh |
 | 0.033 : dribble |
 | 0.000 : catch |
 smile : 
 | 0.533 : smile |
 | 0.233 : laugh |
 | 0.100 : smoke |
 | 0.067 : talk |
 | 0.033 : pour |
 smoke : 
 | 0.300 : smoke |
 | 0.267 : chew |
 | 0.133 : eat |
 | 0.100 : drink |
 | 0.067 : wave |
 somersault : 
 | 0.667 : somersault |
 | 0.100 : shoot_ball |
 | 0.100 : cartwheel |
 | 0.067 : handstand |
 | 0.033 : sword |
 stand : 
 | 0.333 : sit |
 | 0.167 : stand |
 | 0.100 : run |
 | 0.067 : eat |
 | 0.067 : fall_floor |
 swing_baseball : 
 | 0.467 : throw |
 | 0.200 : swing_baseball |
 | 0.100 : golf |
 | 0.067 : kick |
 | 0.067 : stand |
 sword_exercise : 
 | 0.367 : draw_sword |
 | 0.167 : sword_exercise |
 | 0.133 : sword |
 | 0.067 : pour |
 | 0.067 : shake_hands |
 sword : 
 | 0.433 : sword |
 | 0.167 : draw_sword |
 | 0.100 : fencing |
 | 0.100 : kick_ball |
 | 0.067 : punch |
 talk : 
 | 0.767 : talk |
 | 0.067 : chew |
 | 0.067 : smoke |
 | 0.033 : drink |
 | 0.033 : laugh |
 throw : 
 | 0.233 : swing_baseball |
 | 0.167 : pick |
 | 0.067 : clap |
 | 0.067 : throw |
 | 0.067 : dive |
 turn : 
 | 0.467 : turn |
 | 0.067 : drink |
 | 0.067 : pick |
 | 0.067 : sit |
 | 0.067 : walk |
 walk : 
 | 0.533 : walk |
 | 0.167 : run |
 | 0.067 : turn |
 | 0.033 : wave |
 | 0.033 : jump |
 wave : 
 | 0.200 : sword_exercise |
 | 0.133 : wave |
 | 0.100 : walk |
 | 0.067 : clap |
 | 0.067 : talk |
 