ucf_101 result
         | ApplyEyeMakeup
 |ApplyLipstick
 |Archery
 |BabyCrawling
 |BalanceBeam
 |BandMarching
 |BaseballPitch
 |Basketball
 |BasketballDunk
 |BenchPress
 |Biking
 |Billiards
 |BlowDryHair
 |BlowingCandles
 |BodyWeightSquats
 |Bowling
 |BoxingPunchingBag
 |BoxingSpeedBag
 |BreastStroke
 |BrushingTeeth
 |CleanAndJerk
 |CliffDiving
 |CricketBowling
 |CricketShot
 |CuttingInKitchen
 |Diving
 |Drumming
 |Fencing
 |FieldHockeyPenalty
 |FloorGymnastics
 |FrisbeeCatch
 |FrontCrawl
 |GolfSwing
 |Haircut
 |Hammering
 |HammerThrow
 |HandstandPushups
 |HandstandWalking
 |HeadMassage
 |HighJump
 |HorseRace
 |HorseRiding
 |HulaHoop
 |IceDancing
 |JavelinThrow
 |JugglingBalls
 |JumpingJack
 |JumpRope
 |Kayaking
 |Knitting
 |LongJump
 |Lunges
 |MilitaryParade
 |Mixing
 |MoppingFloor
 |Nunchucks
 |ParallelBars
 |PizzaTossing
 |PlayingCello
 |PlayingDaf
 |PlayingDhol
 |PlayingFlute
 |PlayingGuitar
 |PlayingPiano
 |PlayingSitar
 |PlayingTabla
 |PlayingViolin
 |PoleVault
 |PommelHorse
 |PullUps
 |Punch
 |PushUps
 |Rafting
 |RockClimbingIndoor
 |RopeClimbing
 |Rowing
 |SalsaSpin
 |ShavingBeard
 |Shotput
 |SkateBoarding
 |Skiing
 |Skijet
 |SkyDiving
 |SoccerJuggling
 |SoccerPenalty
 |StillRings
 |SumoWrestling
 |Surfing
 |Swing
 |TableTennisShot
 |TaiChi
 |TennisSwing
 |ThrowDiscus
 |TrampolineJumping
 |Typing
 |UnevenBars
 |VolleyballSpiking
 |WalkingWithDog
 |WallPushups
 |WritingOnBoard
 |YoYo
 |
ApplyEyeMakeup
 | 1.000 |0.000 |0.000 |0.000 |0.000 |0.000 |0.000 |0.000 |0.000 |0.000 |0.000 |0.000 |0.000 |0.000 |0.000 |0.000 |0.000 |0.000 |0.000 |0.000 |0.000 |0.000 |0.000 |0.000 |0.000 |0.000 |0.000 |0.000 |0.000 |0.000 |0.000 |0.000 |0.000 |0.000 |0.000 |0.000 |0.000 |0.000 |0.000 |0.000 |0.000 |0.000 |0.000 |0.000 |0.000 |0.000 |0.000 |0.000 |0.000 |0.000 |0.000 |0.000 |0.000 |0.000 |0.000 |0.000 |0.000 |0.000 |0.000 |0.000 |0.000 |0.000 |0.000 |0.000 |0.000 |0.000 |0.000 |0.000 |0.000 |0.000 |0.000 |0.000 |0.000 |0.000 |0.000 |0.000 |0.000 |0.000 |0.000 |0.000 |0.000 |0.000 |0.000 |0.000 |0.000 |0.000 |0.000 |0.000 |0.000 |0.000 |0.000 |0.000 |0.000 |0.000 |0.000 |0.000 |0.000 |0.000 |0.000 |0.000 |0.000 | 
ApplyLipstick
 | 0.000 |1.000 |0.000 |0.000 |0.000 |0.000 |0.000 |0.000 |0.000 |0.000 |0.000 |0.000 |0.000 |0.000 |0.000 |0.000 |0.000 |0.000 |0.000 |0.000 |0.000 |0.000 |0.000 |0.000 |0.000 |0.000 |0.000 |0.000 |0.000 |0.000 |0.000 |0.000 |0.000 |0.000 |0.000 |0.000 |0.000 |0.000 |0.000 |0.000 |0.000 |0.000 |0.000 |0.000 |0.000 |0.000 |0.000 |0.000 |0.000 |0.000 |0.000 |0.000 |0.000 |0.000 |0.000 |0.000 |0.000 |0.000 |0.000 |0.000 |0.000 |0.000 |0.000 |0.000 |0.000 |0.000 |0.000 |0.000 |0.000 |0.000 |0.000 |0.000 |0.000 |0.000 |0.000 |0.000 |0.000 |0.000 |0.000 |0.000 |0.000 |0.000 |0.000 |0.000 |0.000 |0.000 |0.000 |0.000 |0.000 |0.000 |0.000 |0.000 |0.000 |0.000 |0.000 |0.000 |0.000 |0.000 |0.000 |0.000 |0.000 | 
Archery
 | 0.000 |0.000 |0.756 |0.000 |0.000 |0.000 |0.000 |0.000 |0.000 |0.000 |0.000 |0.000 |0.000 |0.000 |0.000 |0.000 |0.000 |0.000 |0.000 |0.000 |0.000 |0.000 |0.000 |0.000 |0.000 |0.000 |0.000 |0.000 |0.000 |0.000 |0.000 |0.000 |0.024 |0.024 |0.000 |0.000 |0.000 |0.000 |0.000 |0.000 |0.000 |0.000 |0.000 |0.000 |0.000 |0.000 |0.000 |0.000 |0.000 |0.000 |0.000 |0.000 |0.000 |0.000 |0.000 |0.098 |0.000 |0.000 |0.000 |0.000 |0.000 |0.000 |0.000 |0.000 |0.000 |0.000 |0.024 |0.024 |0.000 |0.000 |0.000 |0.000 |0.000 |0.024 |0.000 |0.000 |0.000 |0.000 |0.000 |0.000 |0.024 |0.000 |0.000 |0.000 |0.000 |0.000 |0.000 |0.000 |0.000 |0.000 |0.000 |0.000 |0.000 |0.000 |0.000 |0.000 |0.000 |0.000 |0.000 |0.000 |0.000 | 
BabyCrawling
 | 0.000 |0.000 |0.000 |1.000 |0.000 |0.000 |0.000 |0.000 |0.000 |0.000 |0.000 |0.000 |0.000 |0.000 |0.000 |0.000 |0.000 |0.000 |0.000 |0.000 |0.000 |0.000 |0.000 |0.000 |0.000 |0.000 |0.000 |0.000 |0.000 |0.000 |0.000 |0.000 |0.000 |0.000 |0.000 |0.000 |0.000 |0.000 |0.000 |0.000 |0.000 |0.000 |0.000 |0.000 |0.000 |0.000 |0.000 |0.000 |0.000 |0.000 |0.000 |0.000 |0.000 |0.000 |0.000 |0.000 |0.000 |0.000 |0.000 |0.000 |0.000 |0.000 |0.000 |0.000 |0.000 |0.000 |0.000 |0.000 |0.000 |0.000 |0.000 |0.000 |0.000 |0.000 |0.000 |0.000 |0.000 |0.000 |0.000 |0.000 |0.000 |0.000 |0.000 |0.000 |0.000 |0.000 |0.000 |0.000 |0.000 |0.000 |0.000 |0.000 |0.000 |0.000 |0.000 |0.000 |0.000 |0.000 |0.000 |0.000 |0.000 | 
BalanceBeam
 | 0.000 |0.000 |0.000 |0.000 |0.871 |0.000 |0.000 |0.000 |0.000 |0.000 |0.000 |0.000 |0.000 |0.000 |0.000 |0.000 |0.000 |0.000 |0.000 |0.000 |0.000 |0.000 |0.000 |0.000 |0.000 |0.000 |0.000 |0.065 |0.000 |0.000 |0.000 |0.000 |0.000 |0.000 |0.000 |0.000 |0.000 |0.000 |0.000 |0.000 |0.000 |0.000 |0.000 |0.000 |0.000 |0.000 |0.000 |0.000 |0.000 |0.000 |0.000 |0.000 |0.000 |0.000 |0.000 |0.000 |0.065 |0.000 |0.000 |0.000 |0.000 |0.000 |0.000 |0.000 |0.000 |0.000 |0.000 |0.000 |0.000 |0.000 |0.000 |0.000 |0.000 |0.000 |0.000 |0.000 |0.000 |0.000 |0.000 |0.000 |0.000 |0.000 |0.000 |0.000 |0.000 |0.000 |0.000 |0.000 |0.000 |0.000 |0.000 |0.000 |0.000 |0.000 |0.000 |0.000 |0.000 |0.000 |0.000 |0.000 |0.000 | 
BandMarching
 | 0.000 |0.000 |0.000 |0.000 |0.000 |0.953 |0.000 |0.000 |0.000 |0.000 |0.000 |0.000 |0.000 |0.000 |0.000 |0.000 |0.000 |0.000 |0.000 |0.000 |0.000 |0.000 |0.000 |0.000 |0.000 |0.000 |0.023 |0.000 |0.000 |0.000 |0.000 |0.000 |0.000 |0.000 |0.000 |0.000 |0.000 |0.000 |0.023 |0.000 |0.000 |0.000 |0.000 |0.000 |0.000 |0.000 |0.000 |0.000 |0.000 |0.000 |0.000 |0.000 |0.000 |0.000 |0.000 |0.000 |0.000 |0.000 |0.000 |0.000 |0.000 |0.000 |0.000 |0.000 |0.000 |0.000 |0.000 |0.000 |0.000 |0.000 |0.000 |0.000 |0.000 |0.000 |0.000 |0.000 |0.000 |0.000 |0.000 |0.000 |0.000 |0.000 |0.000 |0.000 |0.000 |0.000 |0.000 |0.000 |0.000 |0.000 |0.000 |0.000 |0.000 |0.000 |0.000 |0.000 |0.000 |0.000 |0.000 |0.000 |0.000 | 
BaseballPitch
 | 0.000 |0.000 |0.070 |0.000 |0.000 |0.000 |0.791 |0.000 |0.000 |0.000 |0.000 |0.000 |0.000 |0.000 |0.000 |0.000 |0.000 |0.000 |0.000 |0.000 |0.000 |0.000 |0.000 |0.000 |0.000 |0.000 |0.000 |0.000 |0.000 |0.000 |0.000 |0.000 |0.047 |0.000 |0.000 |0.023 |0.000 |0.000 |0.000 |0.000 |0.023 |0.000 |0.000 |0.000 |0.000 |0.000 |0.000 |0.000 |0.000 |0.000 |0.000 |0.000 |0.000 |0.000 |0.000 |0.000 |0.000 |0.000 |0.000 |0.000 |0.000 |0.000 |0.000 |0.000 |0.000 |0.000 |0.000 |0.023 |0.000 |0.000 |0.000 |0.000 |0.000 |0.000 |0.000 |0.000 |0.000 |0.000 |0.000 |0.000 |0.000 |0.000 |0.000 |0.023 |0.000 |0.000 |0.000 |0.000 |0.000 |0.000 |0.000 |0.000 |0.000 |0.000 |0.000 |0.000 |0.000 |0.000 |0.000 |0.000 |0.000 | 
Basketball
 | 0.000 |0.000 |0.000 |0.000 |0.000 |0.000 |0.000 |0.686 |0.000 |0.000 |0.000 |0.000 |0.000 |0.000 |0.000 |0.000 |0.000 |0.000 |0.000 |0.000 |0.000 |0.000 |0.057 |0.000 |0.000 |0.000 |0.000 |0.000 |0.000 |0.000 |0.000 |0.000 |0.000 |0.000 |0.000 |0.000 |0.000 |0.000 |0.000 |0.000 |0.000 |0.000 |0.000 |0.000 |0.000 |0.000 |0.000 |0.000 |0.000 |0.000 |0.000 |0.000 |0.000 |0.000 |0.000 |0.000 |0.000 |0.000 |0.000 |0.000 |0.000 |0.000 |0.000 |0.000 |0.000 |0.000 |0.000 |0.000 |0.000 |0.000 |0.000 |0.000 |0.000 |0.000 |0.000 |0.000 |0.000 |0.000 |0.000 |0.086 |0.000 |0.000 |0.000 |0.000 |0.000 |0.000 |0.000 |0.000 |0.000 |0.000 |0.000 |0.114 |0.000 |0.000 |0.000 |0.029 |0.029 |0.000 |0.000 |0.000 |0.000 | 
BasketballDunk
 | 0.000 |0.000 |0.000 |0.000 |0.000 |0.000 |0.000 |0.000 |1.000 |0.000 |0.000 |0.000 |0.000 |0.000 |0.000 |0.000 |0.000 |0.000 |0.000 |0.000 |0.000 |0.000 |0.000 |0.000 |0.000 |0.000 |0.000 |0.000 |0.000 |0.000 |0.000 |0.000 |0.000 |0.000 |0.000 |0.000 |0.000 |0.000 |0.000 |0.000 |0.000 |0.000 |0.000 |0.000 |0.000 |0.000 |0.000 |0.000 |0.000 |0.000 |0.000 |0.000 |0.000 |0.000 |0.000 |0.000 |0.000 |0.000 |0.000 |0.000 |0.000 |0.000 |0.000 |0.000 |0.000 |0.000 |0.000 |0.000 |0.000 |0.000 |0.000 |0.000 |0.000 |0.000 |0.000 |0.000 |0.000 |0.000 |0.000 |0.000 |0.000 |0.000 |0.000 |0.000 |0.000 |0.000 |0.000 |0.000 |0.000 |0.000 |0.000 |0.000 |0.000 |0.000 |0.000 |0.000 |0.000 |0.000 |0.000 |0.000 |0.000 | 
BenchPress
 | 0.000 |0.000 |0.000 |0.000 |0.000 |0.000 |0.000 |0.000 |0.000 |1.000 |0.000 |0.000 |0.000 |0.000 |0.000 |0.000 |0.000 |0.000 |0.000 |0.000 |0.000 |0.000 |0.000 |0.000 |0.000 |0.000 |0.000 |0.000 |0.000 |0.000 |0.000 |0.000 |0.000 |0.000 |0.000 |0.000 |0.000 |0.000 |0.000 |0.000 |0.000 |0.000 |0.000 |0.000 |0.000 |0.000 |0.000 |0.000 |0.000 |0.000 |0.000 |0.000 |0.000 |0.000 |0.000 |0.000 |0.000 |0.000 |0.000 |0.000 |0.000 |0.000 |0.000 |0.000 |0.000 |0.000 |0.000 |0.000 |0.000 |0.000 |0.000 |0.000 |0.000 |0.000 |0.000 |0.000 |0.000 |0.000 |0.000 |0.000 |0.000 |0.000 |0.000 |0.000 |0.000 |0.000 |0.000 |0.000 |0.000 |0.000 |0.000 |0.000 |0.000 |0.000 |0.000 |0.000 |0.000 |0.000 |0.000 |0.000 |0.000 | 
Biking
 | 0.000 |0.000 |0.000 |0.000 |0.000 |0.000 |0.000 |0.000 |0.000 |0.000 |1.000 |0.000 |0.000 |0.000 |0.000 |0.000 |0.000 |0.000 |0.000 |0.000 |0.000 |0.000 |0.000 |0.000 |0.000 |0.000 |0.000 |0.000 |0.000 |0.000 |0.000 |0.000 |0.000 |0.000 |0.000 |0.000 |0.000 |0.000 |0.000 |0.000 |0.000 |0.000 |0.000 |0.000 |0.000 |0.000 |0.000 |0.000 |0.000 |0.000 |0.000 |0.000 |0.000 |0.000 |0.000 |0.000 |0.000 |0.000 |0.000 |0.000 |0.000 |0.000 |0.000 |0.000 |0.000 |0.000 |0.000 |0.000 |0.000 |0.000 |0.000 |0.000 |0.000 |0.000 |0.000 |0.000 |0.000 |0.000 |0.000 |0.000 |0.000 |0.000 |0.000 |0.000 |0.000 |0.000 |0.000 |0.000 |0.000 |0.000 |0.000 |0.000 |0.000 |0.000 |0.000 |0.000 |0.000 |0.000 |0.000 |0.000 |0.000 | 
Billiards
 | 0.000 |0.000 |0.000 |0.000 |0.000 |0.000 |0.000 |0.000 |0.000 |0.000 |0.000 |1.000 |0.000 |0.000 |0.000 |0.000 |0.000 |0.000 |0.000 |0.000 |0.000 |0.000 |0.000 |0.000 |0.000 |0.000 |0.000 |0.000 |0.000 |0.000 |0.000 |0.000 |0.000 |0.000 |0.000 |0.000 |0.000 |0.000 |0.000 |0.000 |0.000 |0.000 |0.000 |0.000 |0.000 |0.000 |0.000 |0.000 |0.000 |0.000 |0.000 |0.000 |0.000 |0.000 |0.000 |0.000 |0.000 |0.000 |0.000 |0.000 |0.000 |0.000 |0.000 |0.000 |0.000 |0.000 |0.000 |0.000 |0.000 |0.000 |0.000 |0.000 |0.000 |0.000 |0.000 |0.000 |0.000 |0.000 |0.000 |0.000 |0.000 |0.000 |0.000 |0.000 |0.000 |0.000 |0.000 |0.000 |0.000 |0.000 |0.000 |0.000 |0.000 |0.000 |0.000 |0.000 |0.000 |0.000 |0.000 |0.000 |0.000 | 
BlowDryHair
 | 0.000 |0.000 |0.000 |0.000 |0.000 |0.000 |0.000 |0.000 |0.000 |0.000 |0.000 |0.000 |0.842 |0.000 |0.000 |0.000 |0.000 |0.000 |0.000 |0.000 |0.000 |0.000 |0.000 |0.000 |0.000 |0.000 |0.000 |0.000 |0.000 |0.000 |0.000 |0.000 |0.000 |0.132 |0.000 |0.000 |0.000 |0.000 |0.000 |0.000 |0.000 |0.000 |0.000 |0.000 |0.000 |0.000 |0.000 |0.000 |0.000 |0.000 |0.000 |0.000 |0.000 |0.000 |0.000 |0.000 |0.000 |0.000 |0.000 |0.000 |0.000 |0.000 |0.000 |0.000 |0.000 |0.000 |0.000 |0.000 |0.000 |0.000 |0.000 |0.000 |0.000 |0.000 |0.000 |0.000 |0.000 |0.026 |0.000 |0.000 |0.000 |0.000 |0.000 |0.000 |0.000 |0.000 |0.000 |0.000 |0.000 |0.000 |0.000 |0.000 |0.000 |0.000 |0.000 |0.000 |0.000 |0.000 |0.000 |0.000 |0.000 | 
BlowingCandles
 | 0.000 |0.000 |0.000 |0.000 |0.000 |0.000 |0.000 |0.000 |0.000 |0.000 |0.000 |0.000 |0.000 |1.000 |0.000 |0.000 |0.000 |0.000 |0.000 |0.000 |0.000 |0.000 |0.000 |0.000 |0.000 |0.000 |0.000 |0.000 |0.000 |0.000 |0.000 |0.000 |0.000 |0.000 |0.000 |0.000 |0.000 |0.000 |0.000 |0.000 |0.000 |0.000 |0.000 |0.000 |0.000 |0.000 |0.000 |0.000 |0.000 |0.000 |0.000 |0.000 |0.000 |0.000 |0.000 |0.000 |0.000 |0.000 |0.000 |0.000 |0.000 |0.000 |0.000 |0.000 |0.000 |0.000 |0.000 |0.000 |0.000 |0.000 |0.000 |0.000 |0.000 |0.000 |0.000 |0.000 |0.000 |0.000 |0.000 |0.000 |0.000 |0.000 |0.000 |0.000 |0.000 |0.000 |0.000 |0.000 |0.000 |0.000 |0.000 |0.000 |0.000 |0.000 |0.000 |0.000 |0.000 |0.000 |0.000 |0.000 |0.000 | 
BodyWeightSquats
 | 0.000 |0.000 |0.000 |0.000 |0.000 |0.000 |0.000 |0.000 |0.000 |0.000 |0.000 |0.000 |0.000 |0.000 |0.700 |0.000 |0.033 |0.000 |0.000 |0.000 |0.000 |0.000 |0.000 |0.000 |0.000 |0.000 |0.000 |0.000 |0.000 |0.000 |0.000 |0.000 |0.000 |0.000 |0.000 |0.000 |0.000 |0.000 |0.000 |0.000 |0.000 |0.000 |0.000 |0.000 |0.000 |0.000 |0.067 |0.000 |0.000 |0.000 |0.000 |0.067 |0.000 |0.000 |0.000 |0.000 |0.000 |0.100 |0.000 |0.000 |0.000 |0.000 |0.000 |0.000 |0.000 |0.000 |0.000 |0.000 |0.000 |0.000 |0.000 |0.000 |0.000 |0.000 |0.000 |0.000 |0.000 |0.000 |0.000 |0.000 |0.000 |0.000 |0.000 |0.000 |0.000 |0.033 |0.000 |0.000 |0.000 |0.000 |0.000 |0.000 |0.000 |0.000 |0.000 |0.000 |0.000 |0.000 |0.000 |0.000 |0.000 | 
Bowling
 | 0.000 |0.000 |0.000 |0.000 |0.000 |0.000 |0.000 |0.000 |0.000 |0.000 |0.000 |0.000 |0.000 |0.000 |0.000 |0.977 |0.000 |0.000 |0.000 |0.000 |0.000 |0.000 |0.000 |0.000 |0.000 |0.000 |0.000 |0.000 |0.000 |0.000 |0.000 |0.000 |0.000 |0.000 |0.000 |0.000 |0.000 |0.000 |0.000 |0.000 |0.000 |0.000 |0.000 |0.000 |0.000 |0.000 |0.000 |0.000 |0.000 |0.000 |0.000 |0.000 |0.000 |0.000 |0.000 |0.000 |0.000 |0.023 |0.000 |0.000 |0.000 |0.000 |0.000 |0.000 |0.000 |0.000 |0.000 |0.000 |0.000 |0.000 |0.000 |0.000 |0.000 |0.000 |0.000 |0.000 |0.000 |0.000 |0.000 |0.000 |0.000 |0.000 |0.000 |0.000 |0.000 |0.000 |0.000 |0.000 |0.000 |0.000 |0.000 |0.000 |0.000 |0.000 |0.000 |0.000 |0.000 |0.000 |0.000 |0.000 |0.000 | 
BoxingPunchingBag
 | 0.000 |0.000 |0.000 |0.000 |0.000 |0.000 |0.000 |0.000 |0.000 |0.000 |0.000 |0.000 |0.000 |0.000 |0.000 |0.000 |0.837 |0.122 |0.000 |0.000 |0.000 |0.000 |0.000 |0.000 |0.000 |0.000 |0.000 |0.000 |0.000 |0.000 |0.000 |0.000 |0.000 |0.000 |0.000 |0.000 |0.000 |0.000 |0.000 |0.000 |0.000 |0.000 |0.000 |0.000 |0.000 |0.000 |0.000 |0.000 |0.000 |0.000 |0.000 |0.000 |0.000 |0.000 |0.000 |0.000 |0.000 |0.000 |0.000 |0.000 |0.000 |0.000 |0.000 |0.000 |0.000 |0.000 |0.000 |0.000 |0.000 |0.000 |0.041 |0.000 |0.000 |0.000 |0.000 |0.000 |0.000 |0.000 |0.000 |0.000 |0.000 |0.000 |0.000 |0.000 |0.000 |0.000 |0.000 |0.000 |0.000 |0.000 |0.000 |0.000 |0.000 |0.000 |0.000 |0.000 |0.000 |0.000 |0.000 |0.000 |0.000 | 
BoxingSpeedBag
 | 0.000 |0.000 |0.000 |0.000 |0.000 |0.000 |0.000 |0.000 |0.000 |0.000 |0.000 |0.000 |0.000 |0.000 |0.000 |0.000 |0.000 |1.000 |0.000 |0.000 |0.000 |0.000 |0.000 |0.000 |0.000 |0.000 |0.000 |0.000 |0.000 |0.000 |0.000 |0.000 |0.000 |0.000 |0.000 |0.000 |0.000 |0.000 |0.000 |0.000 |0.000 |0.000 |0.000 |0.000 |0.000 |0.000 |0.000 |0.000 |0.000 |0.000 |0.000 |0.000 |0.000 |0.000 |0.000 |0.000 |0.000 |0.000 |0.000 |0.000 |0.000 |0.000 |0.000 |0.000 |0.000 |0.000 |0.000 |0.000 |0.000 |0.000 |0.000 |0.000 |0.000 |0.000 |0.000 |0.000 |0.000 |0.000 |0.000 |0.000 |0.000 |0.000 |0.000 |0.000 |0.000 |0.000 |0.000 |0.000 |0.000 |0.000 |0.000 |0.000 |0.000 |0.000 |0.000 |0.000 |0.000 |0.000 |0.000 |0.000 |0.000 | 
BreastStroke
 | 0.000 |0.000 |0.000 |0.000 |0.000 |0.000 |0.000 |0.000 |0.000 |0.000 |0.000 |0.000 |0.000 |0.000 |0.000 |0.000 |0.000 |0.000 |1.000 |0.000 |0.000 |0.000 |0.000 |0.000 |0.000 |0.000 |0.000 |0.000 |0.000 |0.000 |0.000 |0.000 |0.000 |0.000 |0.000 |0.000 |0.000 |0.000 |0.000 |0.000 |0.000 |0.000 |0.000 |0.000 |0.000 |0.000 |0.000 |0.000 |0.000 |0.000 |0.000 |0.000 |0.000 |0.000 |0.000 |0.000 |0.000 |0.000 |0.000 |0.000 |0.000 |0.000 |0.000 |0.000 |0.000 |0.000 |0.000 |0.000 |0.000 |0.000 |0.000 |0.000 |0.000 |0.000 |0.000 |0.000 |0.000 |0.000 |0.000 |0.000 |0.000 |0.000 |0.000 |0.000 |0.000 |0.000 |0.000 |0.000 |0.000 |0.000 |0.000 |0.000 |0.000 |0.000 |0.000 |0.000 |0.000 |0.000 |0.000 |0.000 |0.000 | 
BrushingTeeth
 | 0.000 |0.111 |0.000 |0.000 |0.000 |0.000 |0.000 |0.000 |0.000 |0.000 |0.000 |0.000 |0.000 |0.000 |0.000 |0.000 |0.000 |0.000 |0.000 |0.444 |0.000 |0.000 |0.000 |0.000 |0.000 |0.000 |0.000 |0.000 |0.000 |0.000 |0.000 |0.000 |0.000 |0.000 |0.000 |0.000 |0.000 |0.000 |0.000 |0.000 |0.000 |0.000 |0.000 |0.000 |0.000 |0.000 |0.000 |0.000 |0.000 |0.000 |0.000 |0.000 |0.000 |0.000 |0.000 |0.000 |0.000 |0.000 |0.000 |0.000 |0.000 |0.056 |0.000 |0.000 |0.000 |0.000 |0.000 |0.000 |0.000 |0.000 |0.000 |0.000 |0.000 |0.000 |0.000 |0.000 |0.000 |0.389 |0.000 |0.000 |0.000 |0.000 |0.000 |0.000 |0.000 |0.000 |0.000 |0.000 |0.000 |0.000 |0.000 |0.000 |0.000 |0.000 |0.000 |0.000 |0.000 |0.000 |0.000 |0.000 |0.000 | 
CleanAndJerk
 | 0.000 |0.000 |0.000 |0.000 |0.000 |0.000 |0.000 |0.000 |0.000 |0.000 |0.000 |0.000 |0.000 |0.000 |0.000 |0.000 |0.000 |0.000 |0.000 |0.000 |0.848 |0.000 |0.000 |0.000 |0.000 |0.000 |0.000 |0.000 |0.000 |0.000 |0.000 |0.000 |0.000 |0.000 |0.000 |0.000 |0.000 |0.000 |0.000 |0.000 |0.000 |0.000 |0.000 |0.000 |0.000 |0.000 |0.000 |0.000 |0.000 |0.000 |0.000 |0.000 |0.000 |0.000 |0.000 |0.000 |0.121 |0.000 |0.000 |0.000 |0.000 |0.000 |0.000 |0.000 |0.000 |0.000 |0.000 |0.000 |0.000 |0.030 |0.000 |0.000 |0.000 |0.000 |0.000 |0.000 |0.000 |0.000 |0.000 |0.000 |0.000 |0.000 |0.000 |0.000 |0.000 |0.000 |0.000 |0.000 |0.000 |0.000 |0.000 |0.000 |0.000 |0.000 |0.000 |0.000 |0.000 |0.000 |0.000 |0.000 |0.000 | 
CliffDiving
 | 0.000 |0.000 |0.000 |0.000 |0.000 |0.000 |0.000 |0.000 |0.000 |0.000 |0.000 |0.000 |0.000 |0.000 |0.000 |0.000 |0.000 |0.000 |0.000 |0.000 |0.000 |1.000 |0.000 |0.000 |0.000 |0.000 |0.000 |0.000 |0.000 |0.000 |0.000 |0.000 |0.000 |0.000 |0.000 |0.000 |0.000 |0.000 |0.000 |0.000 |0.000 |0.000 |0.000 |0.000 |0.000 |0.000 |0.000 |0.000 |0.000 |0.000 |0.000 |0.000 |0.000 |0.000 |0.000 |0.000 |0.000 |0.000 |0.000 |0.000 |0.000 |0.000 |0.000 |0.000 |0.000 |0.000 |0.000 |0.000 |0.000 |0.000 |0.000 |0.000 |0.000 |0.000 |0.000 |0.000 |0.000 |0.000 |0.000 |0.000 |0.000 |0.000 |0.000 |0.000 |0.000 |0.000 |0.000 |0.000 |0.000 |0.000 |0.000 |0.000 |0.000 |0.000 |0.000 |0.000 |0.000 |0.000 |0.000 |0.000 |0.000 | 
CricketBowling
 | 0.000 |0.000 |0.000 |0.000 |0.000 |0.000 |0.000 |0.000 |0.000 |0.000 |0.000 |0.000 |0.000 |0.000 |0.000 |0.000 |0.000 |0.000 |0.000 |0.000 |0.000 |0.000 |0.639 |0.111 |0.000 |0.000 |0.000 |0.000 |0.000 |0.000 |0.056 |0.000 |0.000 |0.000 |0.000 |0.000 |0.000 |0.028 |0.000 |0.000 |0.000 |0.000 |0.000 |0.000 |0.111 |0.000 |0.000 |0.000 |0.000 |0.000 |0.000 |0.000 |0.000 |0.000 |0.000 |0.000 |0.000 |0.000 |0.000 |0.000 |0.000 |0.000 |0.000 |0.000 |0.000 |0.000 |0.000 |0.000 |0.000 |0.000 |0.000 |0.000 |0.000 |0.000 |0.000 |0.000 |0.000 |0.000 |0.028 |0.000 |0.000 |0.000 |0.000 |0.028 |0.000 |0.000 |0.000 |0.000 |0.000 |0.000 |0.000 |0.000 |0.000 |0.000 |0.000 |0.000 |0.000 |0.000 |0.000 |0.000 |0.000 | 
CricketShot
 | 0.000 |0.000 |0.000 |0.000 |0.000 |0.000 |0.000 |0.000 |0.000 |0.000 |0.000 |0.000 |0.000 |0.000 |0.000 |0.000 |0.000 |0.000 |0.000 |0.000 |0.000 |0.000 |0.286 |0.592 |0.000 |0.000 |0.000 |0.020 |0.000 |0.000 |0.000 |0.000 |0.000 |0.000 |0.000 |0.020 |0.000 |0.000 |0.000 |0.000 |0.000 |0.000 |0.000 |0.000 |0.000 |0.000 |0.000 |0.000 |0.000 |0.000 |0.000 |0.000 |0.000 |0.000 |0.000 |0.000 |0.000 |0.000 |0.000 |0.000 |0.000 |0.000 |0.000 |0.000 |0.000 |0.000 |0.000 |0.000 |0.000 |0.000 |0.000 |0.000 |0.000 |0.000 |0.000 |0.000 |0.000 |0.000 |0.000 |0.000 |0.000 |0.000 |0.000 |0.000 |0.000 |0.000 |0.000 |0.000 |0.000 |0.000 |0.000 |0.000 |0.082 |0.000 |0.000 |0.000 |0.000 |0.000 |0.000 |0.000 |0.000 | 
CuttingInKitchen
 | 0.000 |0.000 |0.000 |0.000 |0.000 |0.000 |0.000 |0.000 |0.000 |0.000 |0.000 |0.000 |0.000 |0.000 |0.000 |0.000 |0.000 |0.000 |0.000 |0.000 |0.000 |0.000 |0.000 |0.000 |0.848 |0.000 |0.000 |0.000 |0.000 |0.000 |0.000 |0.000 |0.000 |0.000 |0.000 |0.000 |0.000 |0.000 |0.000 |0.000 |0.000 |0.000 |0.000 |0.000 |0.000 |0.000 |0.000 |0.000 |0.000 |0.000 |0.000 |0.000 |0.000 |0.152 |0.000 |0.000 |0.000 |0.000 |0.000 |0.000 |0.000 |0.000 |0.000 |0.000 |0.000 |0.000 |0.000 |0.000 |0.000 |0.000 |0.000 |0.000 |0.000 |0.000 |0.000 |0.000 |0.000 |0.000 |0.000 |0.000 |0.000 |0.000 |0.000 |0.000 |0.000 |0.000 |0.000 |0.000 |0.000 |0.000 |0.000 |0.000 |0.000 |0.000 |0.000 |0.000 |0.000 |0.000 |0.000 |0.000 |0.000 | 
Diving
 | 0.000 |0.000 |0.000 |0.000 |0.000 |0.000 |0.000 |0.000 |0.000 |0.000 |0.000 |0.000 |0.000 |0.000 |0.000 |0.000 |0.000 |0.000 |0.000 |0.000 |0.000 |0.000 |0.000 |0.000 |0.000 |1.000 |0.000 |0.000 |0.000 |0.000 |0.000 |0.000 |0.000 |0.000 |0.000 |0.000 |0.000 |0.000 |0.000 |0.000 |0.000 |0.000 |0.000 |0.000 |0.000 |0.000 |0.000 |0.000 |0.000 |0.000 |0.000 |0.000 |0.000 |0.000 |0.000 |0.000 |0.000 |0.000 |0.000 |0.000 |0.000 |0.000 |0.000 |0.000 |0.000 |0.000 |0.000 |0.000 |0.000 |0.000 |0.000 |0.000 |0.000 |0.000 |0.000 |0.000 |0.000 |0.000 |0.000 |0.000 |0.000 |0.000 |0.000 |0.000 |0.000 |0.000 |0.000 |0.000 |0.000 |0.000 |0.000 |0.000 |0.000 |0.000 |0.000 |0.000 |0.000 |0.000 |0.000 |0.000 |0.000 | 
Drumming
 | 0.000 |0.000 |0.000 |0.000 |0.000 |0.000 |0.000 |0.000 |0.000 |0.000 |0.000 |0.000 |0.000 |0.000 |0.000 |0.000 |0.000 |0.000 |0.000 |0.000 |0.000 |0.000 |0.000 |0.000 |0.000 |0.000 |0.867 |0.000 |0.000 |0.000 |0.000 |0.000 |0.000 |0.000 |0.000 |0.000 |0.000 |0.000 |0.000 |0.000 |0.000 |0.000 |0.000 |0.000 |0.000 |0.000 |0.000 |0.000 |0.000 |0.000 |0.000 |0.000 |0.000 |0.000 |0.111 |0.000 |0.000 |0.000 |0.000 |0.000 |0.022 |0.000 |0.000 |0.000 |0.000 |0.000 |0.000 |0.000 |0.000 |0.000 |0.000 |0.000 |0.000 |0.000 |0.000 |0.000 |0.000 |0.000 |0.000 |0.000 |0.000 |0.000 |0.000 |0.000 |0.000 |0.000 |0.000 |0.000 |0.000 |0.000 |0.000 |0.000 |0.000 |0.000 |0.000 |0.000 |0.000 |0.000 |0.000 |0.000 |0.000 | 
Fencing
 | 0.000 |0.000 |0.000 |0.000 |0.000 |0.029 |0.000 |0.000 |0.000 |0.000 |0.000 |0.000 |0.000 |0.000 |0.000 |0.000 |0.000 |0.000 |0.000 |0.000 |0.000 |0.000 |0.000 |0.000 |0.000 |0.000 |0.000 |0.971 |0.000 |0.000 |0.000 |0.000 |0.000 |0.000 |0.000 |0.000 |0.000 |0.000 |0.000 |0.000 |0.000 |0.000 |0.000 |0.000 |0.000 |0.000 |0.000 |0.000 |0.000 |0.000 |0.000 |0.000 |0.000 |0.000 |0.000 |0.000 |0.000 |0.000 |0.000 |0.000 |0.000 |0.000 |0.000 |0.000 |0.000 |0.000 |0.000 |0.000 |0.000 |0.000 |0.000 |0.000 |0.000 |0.000 |0.000 |0.000 |0.000 |0.000 |0.000 |0.000 |0.000 |0.000 |0.000 |0.000 |0.000 |0.000 |0.000 |0.000 |0.000 |0.000 |0.000 |0.000 |0.000 |0.000 |0.000 |0.000 |0.000 |0.000 |0.000 |0.000 |0.000 | 
FieldHockeyPenalty
 | 0.000 |0.000 |0.000 |0.000 |0.000 |0.000 |0.000 |0.000 |0.000 |0.000 |0.000 |0.000 |0.000 |0.000 |0.000 |0.000 |0.000 |0.000 |0.000 |0.000 |0.000 |0.000 |0.000 |0.025 |0.000 |0.000 |0.000 |0.000 |0.750 |0.000 |0.075 |0.000 |0.000 |0.000 |0.000 |0.000 |0.000 |0.000 |0.000 |0.000 |0.000 |0.000 |0.000 |0.000 |0.000 |0.000 |0.000 |0.000 |0.000 |0.000 |0.000 |0.000 |0.000 |0.000 |0.000 |0.000 |0.000 |0.000 |0.000 |0.000 |0.000 |0.000 |0.000 |0.000 |0.000 |0.000 |0.000 |0.000 |0.000 |0.000 |0.000 |0.000 |0.000 |0.000 |0.000 |0.000 |0.000 |0.000 |0.000 |0.000 |0.000 |0.000 |0.000 |0.000 |0.150 |0.000 |0.000 |0.000 |0.000 |0.000 |0.000 |0.000 |0.000 |0.000 |0.000 |0.000 |0.000 |0.000 |0.000 |0.000 |0.000 | 
FloorGymnastics
 | 0.000 |0.000 |0.000 |0.000 |0.028 |0.000 |0.000 |0.000 |0.000 |0.000 |0.000 |0.000 |0.000 |0.000 |0.000 |0.000 |0.000 |0.000 |0.000 |0.000 |0.000 |0.000 |0.000 |0.000 |0.000 |0.000 |0.000 |0.000 |0.000 |0.944 |0.000 |0.000 |0.000 |0.000 |0.000 |0.000 |0.000 |0.000 |0.000 |0.000 |0.000 |0.000 |0.000 |0.000 |0.000 |0.000 |0.000 |0.000 |0.000 |0.000 |0.000 |0.000 |0.000 |0.000 |0.000 |0.000 |0.000 |0.000 |0.000 |0.000 |0.000 |0.000 |0.000 |0.000 |0.000 |0.000 |0.000 |0.000 |0.000 |0.000 |0.000 |0.000 |0.000 |0.000 |0.000 |0.000 |0.000 |0.000 |0.000 |0.000 |0.000 |0.000 |0.000 |0.000 |0.000 |0.000 |0.000 |0.000 |0.000 |0.000 |0.000 |0.000 |0.000 |0.000 |0.000 |0.028 |0.000 |0.000 |0.000 |0.000 |0.000 | 
FrisbeeCatch
 | 0.000 |0.000 |0.000 |0.000 |0.000 |0.000 |0.000 |0.000 |0.000 |0.000 |0.000 |0.000 |0.000 |0.000 |0.000 |0.000 |0.000 |0.000 |0.000 |0.000 |0.000 |0.000 |0.000 |0.000 |0.000 |0.000 |0.000 |0.000 |0.027 |0.000 |0.919 |0.000 |0.000 |0.000 |0.000 |0.000 |0.000 |0.000 |0.000 |0.027 |0.000 |0.000 |0.000 |0.000 |0.000 |0.000 |0.000 |0.000 |0.000 |0.000 |0.027 |0.000 |0.000 |0.000 |0.000 |0.000 |0.000 |0.000 |0.000 |0.000 |0.000 |0.000 |0.000 |0.000 |0.000 |0.000 |0.000 |0.000 |0.000 |0.000 |0.000 |0.000 |0.000 |0.000 |0.000 |0.000 |0.000 |0.000 |0.000 |0.000 |0.000 |0.000 |0.000 |0.000 |0.000 |0.000 |0.000 |0.000 |0.000 |0.000 |0.000 |0.000 |0.000 |0.000 |0.000 |0.000 |0.000 |0.000 |0.000 |0.000 |0.000 | 
FrontCrawl
 | 0.000 |0.000 |0.000 |0.000 |0.000 |0.000 |0.000 |0.000 |0.000 |0.000 |0.000 |0.000 |0.000 |0.000 |0.000 |0.027 |0.000 |0.000 |0.054 |0.000 |0.000 |0.000 |0.000 |0.000 |0.000 |0.027 |0.000 |0.000 |0.000 |0.000 |0.000 |0.838 |0.000 |0.000 |0.000 |0.000 |0.000 |0.000 |0.000 |0.000 |0.000 |0.000 |0.000 |0.000 |0.000 |0.000 |0.000 |0.000 |0.000 |0.000 |0.000 |0.000 |0.000 |0.000 |0.000 |0.000 |0.000 |0.000 |0.000 |0.000 |0.000 |0.000 |0.000 |0.000 |0.000 |0.000 |0.000 |0.000 |0.000 |0.000 |0.000 |0.000 |0.000 |0.000 |0.000 |0.000 |0.000 |0.000 |0.000 |0.000 |0.000 |0.027 |0.000 |0.000 |0.000 |0.000 |0.000 |0.000 |0.000 |0.000 |0.000 |0.000 |0.000 |0.000 |0.000 |0.000 |0.000 |0.000 |0.000 |0.000 |0.027 | 
GolfSwing
 | 0.000 |0.000 |0.103 |0.000 |0.000 |0.000 |0.000 |0.000 |0.000 |0.000 |0.000 |0.000 |0.000 |0.000 |0.000 |0.000 |0.000 |0.000 |0.000 |0.000 |0.000 |0.000 |0.000 |0.000 |0.000 |0.000 |0.000 |0.000 |0.026 |0.000 |0.000 |0.000 |0.872 |0.000 |0.000 |0.000 |0.000 |0.000 |0.000 |0.000 |0.000 |0.000 |0.000 |0.000 |0.000 |0.000 |0.000 |0.000 |0.000 |0.000 |0.000 |0.000 |0.000 |0.000 |0.000 |0.000 |0.000 |0.000 |0.000 |0.000 |0.000 |0.000 |0.000 |0.000 |0.000 |0.000 |0.000 |0.000 |0.000 |0.000 |0.000 |0.000 |0.000 |0.000 |0.000 |0.000 |0.000 |0.000 |0.000 |0.000 |0.000 |0.000 |0.000 |0.000 |0.000 |0.000 |0.000 |0.000 |0.000 |0.000 |0.000 |0.000 |0.000 |0.000 |0.000 |0.000 |0.000 |0.000 |0.000 |0.000 |0.000 | 
Haircut
 | 0.000 |0.000 |0.000 |0.000 |0.000 |0.000 |0.000 |0.000 |0.000 |0.000 |0.000 |0.000 |0.152 |0.000 |0.000 |0.000 |0.000 |0.000 |0.000 |0.000 |0.000 |0.000 |0.000 |0.000 |0.000 |0.000 |0.000 |0.000 |0.000 |0.000 |0.000 |0.000 |0.000 |0.758 |0.091 |0.000 |0.000 |0.000 |0.000 |0.000 |0.000 |0.000 |0.000 |0.000 |0.000 |0.000 |0.000 |0.000 |0.000 |0.000 |0.000 |0.000 |0.000 |0.000 |0.000 |0.000 |0.000 |0.000 |0.000 |0.000 |0.000 |0.000 |0.000 |0.000 |0.000 |0.000 |0.000 |0.000 |0.000 |0.000 |0.000 |0.000 |0.000 |0.000 |0.000 |0.000 |0.000 |0.000 |0.000 |0.000 |0.000 |0.000 |0.000 |0.000 |0.000 |0.000 |0.000 |0.000 |0.000 |0.000 |0.000 |0.000 |0.000 |0.000 |0.000 |0.000 |0.000 |0.000 |0.000 |0.000 |0.000 | 
Hammering
 | 0.000 |0.000 |0.000 |0.000 |0.000 |0.000 |0.000 |0.000 |0.000 |0.000 |0.000 |0.000 |0.000 |0.030 |0.000 |0.000 |0.000 |0.000 |0.000 |0.121 |0.000 |0.000 |0.000 |0.000 |0.000 |0.000 |0.000 |0.000 |0.000 |0.000 |0.000 |0.000 |0.000 |0.030 |0.515 |0.000 |0.000 |0.000 |0.152 |0.000 |0.000 |0.000 |0.000 |0.000 |0.000 |0.000 |0.000 |0.000 |0.000 |0.000 |0.000 |0.000 |0.000 |0.000 |0.030 |0.000 |0.000 |0.000 |0.000 |0.000 |0.000 |0.000 |0.000 |0.030 |0.000 |0.000 |0.061 |0.000 |0.000 |0.000 |0.000 |0.000 |0.000 |0.000 |0.000 |0.000 |0.000 |0.000 |0.000 |0.000 |0.000 |0.000 |0.000 |0.000 |0.000 |0.000 |0.000 |0.000 |0.030 |0.000 |0.000 |0.000 |0.000 |0.000 |0.000 |0.000 |0.000 |0.000 |0.000 |0.000 |0.000 | 
HammerThrow
 | 0.000 |0.000 |0.000 |0.000 |0.000 |0.000 |0.000 |0.000 |0.000 |0.000 |0.000 |0.000 |0.000 |0.000 |0.000 |0.000 |0.000 |0.000 |0.000 |0.000 |0.000 |0.000 |0.000 |0.000 |0.000 |0.000 |0.000 |0.000 |0.000 |0.000 |0.000 |0.000 |0.000 |0.000 |0.000 |0.733 |0.000 |0.000 |0.000 |0.000 |0.000 |0.000 |0.000 |0.000 |0.000 |0.000 |0.000 |0.000 |0.000 |0.000 |0.000 |0.000 |0.000 |0.000 |0.000 |0.000 |0.000 |0.000 |0.000 |0.000 |0.000 |0.000 |0.000 |0.000 |0.000 |0.000 |0.000 |0.000 |0.000 |0.000 |0.000 |0.000 |0.000 |0.000 |0.000 |0.000 |0.000 |0.000 |0.022 |0.000 |0.000 |0.000 |0.000 |0.000 |0.000 |0.000 |0.000 |0.000 |0.000 |0.000 |0.000 |0.000 |0.244 |0.000 |0.000 |0.000 |0.000 |0.000 |0.000 |0.000 |0.000 | 
HandstandPushups
 | 0.000 |0.000 |0.000 |0.000 |0.000 |0.000 |0.000 |0.000 |0.000 |0.000 |0.000 |0.000 |0.000 |0.000 |0.000 |0.000 |0.036 |0.000 |0.000 |0.000 |0.000 |0.000 |0.000 |0.000 |0.000 |0.000 |0.000 |0.000 |0.000 |0.000 |0.000 |0.000 |0.000 |0.000 |0.000 |0.000 |0.964 |0.000 |0.000 |0.000 |0.000 |0.000 |0.000 |0.000 |0.000 |0.000 |0.000 |0.000 |0.000 |0.000 |0.000 |0.000 |0.000 |0.000 |0.000 |0.000 |0.000 |0.000 |0.000 |0.000 |0.000 |0.000 |0.000 |0.000 |0.000 |0.000 |0.000 |0.000 |0.000 |0.000 |0.000 |0.000 |0.000 |0.000 |0.000 |0.000 |0.000 |0.000 |0.000 |0.000 |0.000 |0.000 |0.000 |0.000 |0.000 |0.000 |0.000 |0.000 |0.000 |0.000 |0.000 |0.000 |0.000 |0.000 |0.000 |0.000 |0.000 |0.000 |0.000 |0.000 |0.000 | 
HandstandWalking
 | 0.000 |0.000 |0.000 |0.000 |0.000 |0.000 |0.000 |0.000 |0.000 |0.000 |0.000 |0.000 |0.000 |0.000 |0.000 |0.000 |0.000 |0.000 |0.000 |0.000 |0.000 |0.000 |0.029 |0.000 |0.000 |0.000 |0.000 |0.000 |0.000 |0.000 |0.000 |0.000 |0.000 |0.000 |0.000 |0.000 |0.059 |0.618 |0.000 |0.000 |0.000 |0.000 |0.000 |0.000 |0.000 |0.000 |0.000 |0.000 |0.000 |0.000 |0.029 |0.088 |0.000 |0.000 |0.000 |0.000 |0.118 |0.000 |0.000 |0.000 |0.000 |0.000 |0.000 |0.000 |0.000 |0.000 |0.000 |0.029 |0.000 |0.000 |0.000 |0.000 |0.000 |0.000 |0.000 |0.000 |0.000 |0.000 |0.000 |0.000 |0.000 |0.000 |0.000 |0.000 |0.000 |0.029 |0.000 |0.000 |0.000 |0.000 |0.000 |0.000 |0.000 |0.000 |0.000 |0.000 |0.000 |0.000 |0.000 |0.000 |0.000 | 
HeadMassage
 | 0.000 |0.000 |0.000 |0.000 |0.000 |0.000 |0.000 |0.000 |0.000 |0.000 |0.000 |0.000 |0.122 |0.000 |0.000 |0.000 |0.000 |0.000 |0.000 |0.000 |0.000 |0.000 |0.000 |0.000 |0.000 |0.000 |0.000 |0.000 |0.000 |0.000 |0.000 |0.000 |0.000 |0.049 |0.000 |0.000 |0.000 |0.000 |0.829 |0.000 |0.000 |0.000 |0.000 |0.000 |0.000 |0.000 |0.000 |0.000 |0.000 |0.000 |0.000 |0.000 |0.000 |0.000 |0.000 |0.000 |0.000 |0.000 |0.000 |0.000 |0.000 |0.000 |0.000 |0.000 |0.000 |0.000 |0.000 |0.000 |0.000 |0.000 |0.000 |0.000 |0.000 |0.000 |0.000 |0.000 |0.000 |0.000 |0.000 |0.000 |0.000 |0.000 |0.000 |0.000 |0.000 |0.000 |0.000 |0.000 |0.000 |0.000 |0.000 |0.000 |0.000 |0.000 |0.000 |0.000 |0.000 |0.000 |0.000 |0.000 |0.000 | 
HighJump
 | 0.000 |0.000 |0.000 |0.000 |0.000 |0.000 |0.000 |0.000 |0.000 |0.000 |0.000 |0.000 |0.000 |0.000 |0.000 |0.000 |0.000 |0.000 |0.000 |0.000 |0.000 |0.000 |0.000 |0.000 |0.000 |0.000 |0.000 |0.000 |0.000 |0.027 |0.000 |0.000 |0.000 |0.000 |0.000 |0.000 |0.000 |0.000 |0.000 |0.595 |0.000 |0.000 |0.000 |0.000 |0.216 |0.000 |0.000 |0.000 |0.000 |0.000 |0.081 |0.000 |0.000 |0.000 |0.000 |0.000 |0.000 |0.000 |0.000 |0.000 |0.000 |0.000 |0.000 |0.000 |0.000 |0.000 |0.000 |0.054 |0.000 |0.000 |0.000 |0.000 |0.000 |0.000 |0.000 |0.000 |0.000 |0.000 |0.000 |0.000 |0.000 |0.000 |0.000 |0.000 |0.000 |0.000 |0.000 |0.000 |0.000 |0.000 |0.000 |0.000 |0.000 |0.000 |0.000 |0.000 |0.027 |0.000 |0.000 |0.000 |0.000 | 
HorseRace
 | 0.000 |0.000 |0.000 |0.000 |0.000 |0.000 |0.000 |0.000 |0.000 |0.000 |0.000 |0.000 |0.000 |0.000 |0.000 |0.000 |0.000 |0.000 |0.000 |0.000 |0.000 |0.000 |0.000 |0.000 |0.000 |0.000 |0.000 |0.000 |0.000 |0.000 |0.029 |0.000 |0.000 |0.000 |0.000 |0.000 |0.000 |0.000 |0.000 |0.000 |0.943 |0.029 |0.000 |0.000 |0.000 |0.000 |0.000 |0.000 |0.000 |0.000 |0.000 |0.000 |0.000 |0.000 |0.000 |0.000 |0.000 |0.000 |0.000 |0.000 |0.000 |0.000 |0.000 |0.000 |0.000 |0.000 |0.000 |0.000 |0.000 |0.000 |0.000 |0.000 |0.000 |0.000 |0.000 |0.000 |0.000 |0.000 |0.000 |0.000 |0.000 |0.000 |0.000 |0.000 |0.000 |0.000 |0.000 |0.000 |0.000 |0.000 |0.000 |0.000 |0.000 |0.000 |0.000 |0.000 |0.000 |0.000 |0.000 |0.000 |0.000 | 
HorseRiding
 | 0.000 |0.000 |0.000 |0.000 |0.000 |0.000 |0.000 |0.000 |0.000 |0.000 |0.000 |0.000 |0.000 |0.000 |0.000 |0.000 |0.000 |0.000 |0.000 |0.000 |0.000 |0.000 |0.000 |0.000 |0.000 |0.000 |0.000 |0.000 |0.000 |0.000 |0.000 |0.000 |0.000 |0.000 |0.000 |0.000 |0.000 |0.000 |0.000 |0.000 |0.000 |1.000 |0.000 |0.000 |0.000 |0.000 |0.000 |0.000 |0.000 |0.000 |0.000 |0.000 |0.000 |0.000 |0.000 |0.000 |0.000 |0.000 |0.000 |0.000 |0.000 |0.000 |0.000 |0.000 |0.000 |0.000 |0.000 |0.000 |0.000 |0.000 |0.000 |0.000 |0.000 |0.000 |0.000 |0.000 |0.000 |0.000 |0.000 |0.000 |0.000 |0.000 |0.000 |0.000 |0.000 |0.000 |0.000 |0.000 |0.000 |0.000 |0.000 |0.000 |0.000 |0.000 |0.000 |0.000 |0.000 |0.000 |0.000 |0.000 |0.000 | 
HulaHoop
 | 0.000 |0.000 |0.000 |0.000 |0.000 |0.029 |0.000 |0.000 |0.000 |0.000 |0.000 |0.000 |0.000 |0.000 |0.000 |0.000 |0.000 |0.000 |0.000 |0.000 |0.000 |0.000 |0.000 |0.000 |0.000 |0.000 |0.000 |0.000 |0.000 |0.000 |0.000 |0.000 |0.000 |0.000 |0.000 |0.000 |0.000 |0.000 |0.000 |0.000 |0.000 |0.000 |0.971 |0.000 |0.000 |0.000 |0.000 |0.000 |0.000 |0.000 |0.000 |0.000 |0.000 |0.000 |0.000 |0.000 |0.000 |0.000 |0.000 |0.000 |0.000 |0.000 |0.000 |0.000 |0.000 |0.000 |0.000 |0.000 |0.000 |0.000 |0.000 |0.000 |0.000 |0.000 |0.000 |0.000 |0.000 |0.000 |0.000 |0.000 |0.000 |0.000 |0.000 |0.000 |0.000 |0.000 |0.000 |0.000 |0.000 |0.000 |0.000 |0.000 |0.000 |0.000 |0.000 |0.000 |0.000 |0.000 |0.000 |0.000 |0.000 | 
IceDancing
 | 0.000 |0.000 |0.000 |0.000 |0.000 |0.000 |0.000 |0.000 |0.000 |0.000 |0.000 |0.000 |0.000 |0.000 |0.000 |0.000 |0.000 |0.000 |0.000 |0.000 |0.000 |0.000 |0.000 |0.000 |0.000 |0.000 |0.000 |0.000 |0.000 |0.000 |0.000 |0.000 |0.000 |0.000 |0.000 |0.000 |0.000 |0.000 |0.000 |0.000 |0.000 |0.000 |0.000 |1.000 |0.000 |0.000 |0.000 |0.000 |0.000 |0.000 |0.000 |0.000 |0.000 |0.000 |0.000 |0.000 |0.000 |0.000 |0.000 |0.000 |0.000 |0.000 |0.000 |0.000 |0.000 |0.000 |0.000 |0.000 |0.000 |0.000 |0.000 |0.000 |0.000 |0.000 |0.000 |0.000 |0.000 |0.000 |0.000 |0.000 |0.000 |0.000 |0.000 |0.000 |0.000 |0.000 |0.000 |0.000 |0.000 |0.000 |0.000 |0.000 |0.000 |0.000 |0.000 |0.000 |0.000 |0.000 |0.000 |0.000 |0.000 | 
JavelinThrow
 | 0.000 |0.000 |0.000 |0.000 |0.000 |0.000 |0.000 |0.000 |0.000 |0.000 |0.000 |0.000 |0.000 |0.000 |0.000 |0.000 |0.000 |0.000 |0.000 |0.000 |0.000 |0.000 |0.000 |0.000 |0.000 |0.000 |0.000 |0.000 |0.000 |0.000 |0.065 |0.000 |0.000 |0.000 |0.000 |0.000 |0.000 |0.000 |0.000 |0.000 |0.000 |0.000 |0.000 |0.000 |0.774 |0.000 |0.000 |0.000 |0.000 |0.000 |0.161 |0.000 |0.000 |0.000 |0.000 |0.000 |0.000 |0.000 |0.000 |0.000 |0.000 |0.000 |0.000 |0.000 |0.000 |0.000 |0.000 |0.000 |0.000 |0.000 |0.000 |0.000 |0.000 |0.000 |0.000 |0.000 |0.000 |0.000 |0.000 |0.000 |0.000 |0.000 |0.000 |0.000 |0.000 |0.000 |0.000 |0.000 |0.000 |0.000 |0.000 |0.000 |0.000 |0.000 |0.000 |0.000 |0.000 |0.000 |0.000 |0.000 |0.000 | 
JugglingBalls
 | 0.000 |0.000 |0.100 |0.000 |0.000 |0.000 |0.000 |0.000 |0.000 |0.000 |0.000 |0.000 |0.000 |0.000 |0.000 |0.000 |0.000 |0.000 |0.000 |0.000 |0.000 |0.000 |0.000 |0.000 |0.000 |0.000 |0.000 |0.000 |0.000 |0.000 |0.000 |0.000 |0.000 |0.000 |0.000 |0.000 |0.000 |0.000 |0.000 |0.000 |0.000 |0.000 |0.000 |0.000 |0.000 |0.900 |0.000 |0.000 |0.000 |0.000 |0.000 |0.000 |0.000 |0.000 |0.000 |0.000 |0.000 |0.000 |0.000 |0.000 |0.000 |0.000 |0.000 |0.000 |0.000 |0.000 |0.000 |0.000 |0.000 |0.000 |0.000 |0.000 |0.000 |0.000 |0.000 |0.000 |0.000 |0.000 |0.000 |0.000 |0.000 |0.000 |0.000 |0.000 |0.000 |0.000 |0.000 |0.000 |0.000 |0.000 |0.000 |0.000 |0.000 |0.000 |0.000 |0.000 |0.000 |0.000 |0.000 |0.000 |0.000 | 
JumpingJack
 | 0.000 |0.000 |0.000 |0.000 |0.000 |0.000 |0.000 |0.000 |0.000 |0.000 |0.000 |0.000 |0.000 |0.000 |0.000 |0.000 |0.000 |0.000 |0.000 |0.000 |0.000 |0.000 |0.000 |0.000 |0.000 |0.000 |0.000 |0.000 |0.000 |0.000 |0.000 |0.000 |0.000 |0.000 |0.000 |0.000 |0.000 |0.000 |0.000 |0.000 |0.000 |0.000 |0.000 |0.000 |0.000 |0.000 |0.946 |0.054 |0.000 |0.000 |0.000 |0.000 |0.000 |0.000 |0.000 |0.000 |0.000 |0.000 |0.000 |0.000 |0.000 |0.000 |0.000 |0.000 |0.000 |0.000 |0.000 |0.000 |0.000 |0.000 |0.000 |0.000 |0.000 |0.000 |0.000 |0.000 |0.000 |0.000 |0.000 |0.000 |0.000 |0.000 |0.000 |0.000 |0.000 |0.000 |0.000 |0.000 |0.000 |0.000 |0.000 |0.000 |0.000 |0.000 |0.000 |0.000 |0.000 |0.000 |0.000 |0.000 |0.000 | 
JumpRope
 | 0.000 |0.000 |0.000 |0.000 |0.000 |0.000 |0.000 |0.105 |0.000 |0.000 |0.000 |0.000 |0.000 |0.000 |0.000 |0.000 |0.000 |0.000 |0.000 |0.000 |0.000 |0.000 |0.000 |0.000 |0.000 |0.000 |0.000 |0.000 |0.000 |0.000 |0.000 |0.000 |0.000 |0.000 |0.000 |0.000 |0.000 |0.079 |0.000 |0.000 |0.000 |0.000 |0.026 |0.000 |0.000 |0.000 |0.132 |0.553 |0.000 |0.000 |0.105 |0.000 |0.000 |0.000 |0.000 |0.000 |0.000 |0.000 |0.000 |0.000 |0.000 |0.000 |0.000 |0.000 |0.000 |0.000 |0.000 |0.000 |0.000 |0.000 |0.000 |0.000 |0.000 |0.000 |0.000 |0.000 |0.000 |0.000 |0.000 |0.000 |0.000 |0.000 |0.000 |0.000 |0.000 |0.000 |0.000 |0.000 |0.000 |0.000 |0.000 |0.000 |0.000 |0.000 |0.000 |0.000 |0.000 |0.000 |0.000 |0.000 |0.000 | 
Kayaking
 | 0.000 |0.000 |0.000 |0.000 |0.000 |0.000 |0.000 |0.000 |0.000 |0.000 |0.000 |0.000 |0.000 |0.000 |0.000 |0.000 |0.000 |0.000 |0.000 |0.000 |0.000 |0.000 |0.000 |0.000 |0.000 |0.000 |0.000 |0.000 |0.000 |0.000 |0.000 |0.000 |0.000 |0.000 |0.000 |0.000 |0.000 |0.000 |0.000 |0.000 |0.000 |0.000 |0.000 |0.000 |0.000 |0.000 |0.000 |0.000 |0.972 |0.000 |0.000 |0.000 |0.000 |0.000 |0.000 |0.000 |0.000 |0.000 |0.000 |0.000 |0.000 |0.000 |0.000 |0.000 |0.000 |0.000 |0.000 |0.000 |0.000 |0.000 |0.000 |0.000 |0.000 |0.000 |0.000 |0.028 |0.000 |0.000 |0.000 |0.000 |0.000 |0.000 |0.000 |0.000 |0.000 |0.000 |0.000 |0.000 |0.000 |0.000 |0.000 |0.000 |0.000 |0.000 |0.000 |0.000 |0.000 |0.000 |0.000 |0.000 |0.000 | 
Knitting
 | 0.000 |0.000 |0.000 |0.000 |0.000 |0.000 |0.000 |0.000 |0.000 |0.000 |0.000 |0.000 |0.000 |0.000 |0.000 |0.000 |0.000 |0.000 |0.000 |0.000 |0.000 |0.000 |0.000 |0.000 |0.000 |0.000 |0.000 |0.000 |0.000 |0.000 |0.000 |0.000 |0.000 |0.000 |0.000 |0.000 |0.000 |0.000 |0.000 |0.000 |0.000 |0.000 |0.000 |0.000 |0.000 |0.000 |0.000 |0.000 |0.000 |1.000 |0.000 |0.000 |0.000 |0.000 |0.000 |0.000 |0.000 |0.000 |0.000 |0.000 |0.000 |0.000 |0.000 |0.000 |0.000 |0.000 |0.000 |0.000 |0.000 |0.000 |0.000 |0.000 |0.000 |0.000 |0.000 |0.000 |0.000 |0.000 |0.000 |0.000 |0.000 |0.000 |0.000 |0.000 |0.000 |0.000 |0.000 |0.000 |0.000 |0.000 |0.000 |0.000 |0.000 |0.000 |0.000 |0.000 |0.000 |0.000 |0.000 |0.000 |0.000 | 
LongJump
 | 0.000 |0.000 |0.000 |0.000 |0.000 |0.128 |0.000 |0.000 |0.000 |0.000 |0.000 |0.000 |0.000 |0.000 |0.000 |0.000 |0.000 |0.000 |0.000 |0.000 |0.000 |0.000 |0.026 |0.051 |0.000 |0.000 |0.000 |0.000 |0.000 |0.000 |0.000 |0.000 |0.000 |0.000 |0.000 |0.000 |0.000 |0.000 |0.000 |0.000 |0.000 |0.000 |0.000 |0.000 |0.000 |0.000 |0.000 |0.000 |0.000 |0.000 |0.692 |0.000 |0.000 |0.000 |0.000 |0.000 |0.000 |0.000 |0.000 |0.000 |0.000 |0.000 |0.000 |0.000 |0.000 |0.000 |0.000 |0.000 |0.000 |0.000 |0.000 |0.000 |0.000 |0.000 |0.000 |0.000 |0.000 |0.000 |0.103 |0.000 |0.000 |0.000 |0.000 |0.000 |0.000 |0.000 |0.000 |0.000 |0.000 |0.000 |0.000 |0.000 |0.000 |0.000 |0.000 |0.000 |0.000 |0.000 |0.000 |0.000 |0.000 | 
Lunges
 | 0.000 |0.000 |0.000 |0.000 |0.000 |0.000 |0.000 |0.081 |0.000 |0.000 |0.000 |0.000 |0.000 |0.000 |0.027 |0.000 |0.000 |0.000 |0.000 |0.000 |0.000 |0.000 |0.000 |0.000 |0.000 |0.000 |0.000 |0.000 |0.000 |0.000 |0.000 |0.000 |0.000 |0.000 |0.000 |0.027 |0.000 |0.027 |0.000 |0.000 |0.000 |0.000 |0.000 |0.000 |0.000 |0.000 |0.000 |0.000 |0.000 |0.000 |0.000 |0.784 |0.000 |0.000 |0.027 |0.000 |0.000 |0.000 |0.000 |0.000 |0.000 |0.000 |0.000 |0.000 |0.000 |0.000 |0.000 |0.000 |0.000 |0.000 |0.000 |0.000 |0.000 |0.000 |0.000 |0.000 |0.000 |0.000 |0.000 |0.000 |0.000 |0.000 |0.000 |0.000 |0.000 |0.000 |0.000 |0.000 |0.000 |0.000 |0.000 |0.027 |0.000 |0.000 |0.000 |0.000 |0.000 |0.000 |0.000 |0.000 |0.000 | 
MilitaryParade
 | 0.000 |0.000 |0.000 |0.000 |0.000 |0.000 |0.000 |0.000 |0.000 |0.000 |0.000 |0.000 |0.000 |0.000 |0.000 |0.000 |0.000 |0.000 |0.000 |0.000 |0.000 |0.000 |0.000 |0.000 |0.000 |0.000 |0.000 |0.000 |0.000 |0.000 |0.000 |0.000 |0.000 |0.000 |0.000 |0.000 |0.000 |0.000 |0.000 |0.000 |0.000 |0.000 |0.000 |0.000 |0.000 |0.000 |0.000 |0.000 |0.000 |0.000 |0.000 |0.000 |0.970 |0.000 |0.000 |0.000 |0.000 |0.000 |0.000 |0.000 |0.000 |0.000 |0.000 |0.000 |0.000 |0.000 |0.000 |0.000 |0.000 |0.000 |0.000 |0.000 |0.000 |0.000 |0.000 |0.030 |0.000 |0.000 |0.000 |0.000 |0.000 |0.000 |0.000 |0.000 |0.000 |0.000 |0.000 |0.000 |0.000 |0.000 |0.000 |0.000 |0.000 |0.000 |0.000 |0.000 |0.000 |0.000 |0.000 |0.000 |0.000 | 
Mixing
 | 0.000 |0.000 |0.000 |0.000 |0.000 |0.000 |0.000 |0.000 |0.000 |0.000 |0.000 |0.000 |0.000 |0.067 |0.000 |0.000 |0.000 |0.000 |0.000 |0.000 |0.000 |0.000 |0.000 |0.000 |0.000 |0.000 |0.000 |0.000 |0.000 |0.000 |0.000 |0.000 |0.000 |0.000 |0.000 |0.000 |0.000 |0.000 |0.000 |0.000 |0.000 |0.000 |0.000 |0.000 |0.000 |0.000 |0.000 |0.000 |0.000 |0.000 |0.000 |0.000 |0.000 |0.867 |0.000 |0.000 |0.000 |0.000 |0.000 |0.000 |0.000 |0.000 |0.000 |0.000 |0.000 |0.067 |0.000 |0.000 |0.000 |0.000 |0.000 |0.000 |0.000 |0.000 |0.000 |0.000 |0.000 |0.000 |0.000 |0.000 |0.000 |0.000 |0.000 |0.000 |0.000 |0.000 |0.000 |0.000 |0.000 |0.000 |0.000 |0.000 |0.000 |0.000 |0.000 |0.000 |0.000 |0.000 |0.000 |0.000 |0.000 | 
MoppingFloor
 | 0.000 |0.000 |0.000 |0.029 |0.000 |0.000 |0.000 |0.000 |0.000 |0.000 |0.000 |0.000 |0.000 |0.000 |0.000 |0.000 |0.000 |0.000 |0.000 |0.000 |0.000 |0.000 |0.000 |0.000 |0.000 |0.000 |0.000 |0.000 |0.000 |0.000 |0.000 |0.000 |0.000 |0.000 |0.000 |0.000 |0.000 |0.000 |0.000 |0.000 |0.000 |0.000 |0.000 |0.000 |0.000 |0.000 |0.000 |0.000 |0.000 |0.000 |0.000 |0.000 |0.000 |0.000 |0.971 |0.000 |0.000 |0.000 |0.000 |0.000 |0.000 |0.000 |0.000 |0.000 |0.000 |0.000 |0.000 |0.000 |0.000 |0.000 |0.000 |0.000 |0.000 |0.000 |0.000 |0.000 |0.000 |0.000 |0.000 |0.000 |0.000 |0.000 |0.000 |0.000 |0.000 |0.000 |0.000 |0.000 |0.000 |0.000 |0.000 |0.000 |0.000 |0.000 |0.000 |0.000 |0.000 |0.000 |0.000 |0.000 |0.000 | 
Nunchucks
 | 0.000 |0.000 |0.000 |0.000 |0.000 |0.000 |0.143 |0.000 |0.000 |0.000 |0.000 |0.000 |0.000 |0.000 |0.000 |0.000 |0.000 |0.000 |0.000 |0.000 |0.000 |0.000 |0.000 |0.000 |0.000 |0.000 |0.000 |0.000 |0.000 |0.000 |0.000 |0.000 |0.000 |0.000 |0.000 |0.000 |0.000 |0.000 |0.000 |0.000 |0.000 |0.000 |0.000 |0.000 |0.000 |0.000 |0.000 |0.000 |0.000 |0.000 |0.000 |0.000 |0.000 |0.000 |0.000 |0.514 |0.000 |0.000 |0.000 |0.000 |0.000 |0.000 |0.000 |0.000 |0.000 |0.000 |0.000 |0.000 |0.000 |0.000 |0.000 |0.000 |0.000 |0.000 |0.000 |0.000 |0.000 |0.000 |0.000 |0.000 |0.000 |0.000 |0.000 |0.000 |0.000 |0.000 |0.000 |0.000 |0.000 |0.000 |0.200 |0.000 |0.000 |0.143 |0.000 |0.000 |0.000 |0.000 |0.000 |0.000 |0.000 | 
ParallelBars
 | 0.000 |0.000 |0.000 |0.000 |0.027 |0.000 |0.000 |0.000 |0.000 |0.000 |0.000 |0.000 |0.000 |0.000 |0.000 |0.000 |0.000 |0.000 |0.000 |0.000 |0.000 |0.000 |0.000 |0.000 |0.000 |0.000 |0.000 |0.000 |0.000 |0.000 |0.000 |0.000 |0.000 |0.000 |0.000 |0.000 |0.000 |0.000 |0.000 |0.000 |0.000 |0.000 |0.000 |0.000 |0.000 |0.000 |0.000 |0.000 |0.000 |0.000 |0.000 |0.000 |0.000 |0.000 |0.000 |0.000 |0.973 |0.000 |0.000 |0.000 |0.000 |0.000 |0.000 |0.000 |0.000 |0.000 |0.000 |0.000 |0.000 |0.000 |0.000 |0.000 |0.000 |0.000 |0.000 |0.000 |0.000 |0.000 |0.000 |0.000 |0.000 |0.000 |0.000 |0.000 |0.000 |0.000 |0.000 |0.000 |0.000 |0.000 |0.000 |0.000 |0.000 |0.000 |0.000 |0.000 |0.000 |0.000 |0.000 |0.000 |0.000 | 
PizzaTossing
 | 0.000 |0.000 |0.000 |0.000 |0.000 |0.000 |0.000 |0.000 |0.000 |0.000 |0.000 |0.000 |0.000 |0.000 |0.000 |0.000 |0.000 |0.091 |0.000 |0.000 |0.000 |0.000 |0.000 |0.000 |0.000 |0.000 |0.030 |0.121 |0.000 |0.000 |0.000 |0.000 |0.000 |0.000 |0.000 |0.000 |0.000 |0.000 |0.000 |0.000 |0.000 |0.000 |0.000 |0.000 |0.000 |0.030 |0.030 |0.000 |0.000 |0.000 |0.000 |0.000 |0.000 |0.000 |0.061 |0.000 |0.000 |0.485 |0.000 |0.000 |0.000 |0.000 |0.000 |0.061 |0.000 |0.000 |0.000 |0.000 |0.000 |0.000 |0.000 |0.000 |0.000 |0.000 |0.061 |0.000 |0.030 |0.000 |0.000 |0.000 |0.000 |0.000 |0.000 |0.000 |0.000 |0.000 |0.000 |0.000 |0.000 |0.000 |0.000 |0.000 |0.000 |0.000 |0.000 |0.000 |0.000 |0.000 |0.000 |0.000 |0.000 | 
PlayingCello
 | 0.000 |0.000 |0.000 |0.000 |0.000 |0.000 |0.000 |0.000 |0.000 |0.000 |0.000 |0.000 |0.000 |0.000 |0.000 |0.000 |0.000 |0.000 |0.000 |0.000 |0.000 |0.000 |0.000 |0.000 |0.000 |0.000 |0.000 |0.000 |0.000 |0.000 |0.000 |0.000 |0.000 |0.000 |0.000 |0.000 |0.000 |0.000 |0.000 |0.000 |0.000 |0.068 |0.000 |0.000 |0.000 |0.000 |0.000 |0.000 |0.000 |0.000 |0.000 |0.000 |0.000 |0.000 |0.000 |0.000 |0.000 |0.000 |0.795 |0.000 |0.000 |0.045 |0.000 |0.000 |0.000 |0.000 |0.068 |0.000 |0.000 |0.000 |0.000 |0.000 |0.000 |0.000 |0.000 |0.000 |0.000 |0.000 |0.000 |0.000 |0.000 |0.000 |0.000 |0.000 |0.000 |0.000 |0.000 |0.000 |0.000 |0.000 |0.000 |0.000 |0.000 |0.000 |0.000 |0.000 |0.000 |0.000 |0.000 |0.023 |0.000 | 
PlayingDaf
 | 0.000 |0.000 |0.000 |0.000 |0.000 |0.000 |0.000 |0.000 |0.000 |0.000 |0.000 |0.000 |0.000 |0.000 |0.000 |0.000 |0.000 |0.000 |0.000 |0.000 |0.000 |0.000 |0.000 |0.000 |0.000 |0.000 |0.024 |0.000 |0.000 |0.000 |0.000 |0.000 |0.000 |0.000 |0.000 |0.000 |0.000 |0.000 |0.000 |0.000 |0.000 |0.000 |0.000 |0.000 |0.000 |0.000 |0.000 |0.000 |0.000 |0.000 |0.000 |0.000 |0.000 |0.000 |0.000 |0.000 |0.000 |0.000 |0.000 |0.976 |0.000 |0.000 |0.000 |0.000 |0.000 |0.000 |0.000 |0.000 |0.000 |0.000 |0.000 |0.000 |0.000 |0.000 |0.000 |0.000 |0.000 |0.000 |0.000 |0.000 |0.000 |0.000 |0.000 |0.000 |0.000 |0.000 |0.000 |0.000 |0.000 |0.000 |0.000 |0.000 |0.000 |0.000 |0.000 |0.000 |0.000 |0.000 |0.000 |0.000 |0.000 | 
PlayingDhol
 | 0.000 |0.000 |0.000 |0.000 |0.000 |0.000 |0.000 |0.000 |0.000 |0.000 |0.000 |0.000 |0.000 |0.000 |0.000 |0.000 |0.000 |0.000 |0.000 |0.000 |0.000 |0.000 |0.000 |0.000 |0.000 |0.000 |0.000 |0.000 |0.000 |0.000 |0.000 |0.000 |0.000 |0.000 |0.000 |0.000 |0.000 |0.000 |0.000 |0.000 |0.000 |0.000 |0.000 |0.000 |0.000 |0.061 |0.000 |0.000 |0.000 |0.000 |0.000 |0.000 |0.000 |0.000 |0.000 |0.000 |0.000 |0.000 |0.000 |0.000 |0.939 |0.000 |0.000 |0.000 |0.000 |0.000 |0.000 |0.000 |0.000 |0.000 |0.000 |0.000 |0.000 |0.000 |0.000 |0.000 |0.000 |0.000 |0.000 |0.000 |0.000 |0.000 |0.000 |0.000 |0.000 |0.000 |0.000 |0.000 |0.000 |0.000 |0.000 |0.000 |0.000 |0.000 |0.000 |0.000 |0.000 |0.000 |0.000 |0.000 |0.000 | 
PlayingFlute
 | 0.000 |0.000 |0.000 |0.000 |0.000 |0.000 |0.000 |0.000 |0.000 |0.000 |0.000 |0.000 |0.000 |0.000 |0.000 |0.000 |0.000 |0.000 |0.000 |0.000 |0.000 |0.000 |0.000 |0.000 |0.000 |0.000 |0.000 |0.000 |0.000 |0.000 |0.000 |0.000 |0.000 |0.000 |0.000 |0.000 |0.000 |0.000 |0.000 |0.000 |0.000 |0.000 |0.000 |0.000 |0.000 |0.000 |0.000 |0.000 |0.000 |0.000 |0.000 |0.000 |0.000 |0.000 |0.000 |0.000 |0.000 |0.000 |0.000 |0.000 |0.000 |0.938 |0.000 |0.000 |0.000 |0.000 |0.042 |0.000 |0.000 |0.000 |0.000 |0.000 |0.000 |0.000 |0.000 |0.000 |0.000 |0.000 |0.000 |0.000 |0.000 |0.000 |0.000 |0.000 |0.000 |0.000 |0.000 |0.000 |0.000 |0.000 |0.000 |0.000 |0.000 |0.000 |0.000 |0.000 |0.000 |0.000 |0.000 |0.021 |0.000 | 
PlayingGuitar
 | 0.000 |0.000 |0.000 |0.000 |0.000 |0.000 |0.000 |0.000 |0.000 |0.000 |0.000 |0.000 |0.000 |0.000 |0.000 |0.000 |0.000 |0.000 |0.000 |0.000 |0.000 |0.000 |0.000 |0.000 |0.000 |0.000 |0.000 |0.000 |0.000 |0.000 |0.000 |0.000 |0.000 |0.000 |0.000 |0.000 |0.000 |0.000 |0.000 |0.000 |0.000 |0.000 |0.000 |0.000 |0.000 |0.000 |0.000 |0.000 |0.000 |0.000 |0.000 |0.000 |0.000 |0.000 |0.000 |0.000 |0.000 |0.000 |0.000 |0.000 |0.000 |0.140 |0.860 |0.000 |0.000 |0.000 |0.000 |0.000 |0.000 |0.000 |0.000 |0.000 |0.000 |0.000 |0.000 |0.000 |0.000 |0.000 |0.000 |0.000 |0.000 |0.000 |0.000 |0.000 |0.000 |0.000 |0.000 |0.000 |0.000 |0.000 |0.000 |0.000 |0.000 |0.000 |0.000 |0.000 |0.000 |0.000 |0.000 |0.000 |0.000 | 
PlayingPiano
 | 0.000 |0.000 |0.000 |0.000 |0.000 |0.000 |0.000 |0.000 |0.000 |0.000 |0.000 |0.000 |0.000 |0.000 |0.000 |0.000 |0.000 |0.000 |0.000 |0.000 |0.000 |0.000 |0.000 |0.000 |0.000 |0.000 |0.000 |0.000 |0.000 |0.000 |0.000 |0.000 |0.000 |0.000 |0.000 |0.000 |0.000 |0.000 |0.000 |0.000 |0.000 |0.000 |0.000 |0.000 |0.000 |0.000 |0.000 |0.000 |0.000 |0.000 |0.000 |0.000 |0.000 |0.000 |0.000 |0.000 |0.000 |0.000 |0.000 |0.000 |0.000 |0.000 |0.000 |1.000 |0.000 |0.000 |0.000 |0.000 |0.000 |0.000 |0.000 |0.000 |0.000 |0.000 |0.000 |0.000 |0.000 |0.000 |0.000 |0.000 |0.000 |0.000 |0.000 |0.000 |0.000 |0.000 |0.000 |0.000 |0.000 |0.000 |0.000 |0.000 |0.000 |0.000 |0.000 |0.000 |0.000 |0.000 |0.000 |0.000 |0.000 | 
PlayingSitar
 | 0.000 |0.000 |0.000 |0.000 |0.000 |0.000 |0.000 |0.000 |0.000 |0.000 |0.000 |0.000 |0.000 |0.000 |0.000 |0.000 |0.000 |0.000 |0.000 |0.000 |0.000 |0.000 |0.000 |0.000 |0.000 |0.000 |0.000 |0.000 |0.000 |0.000 |0.000 |0.000 |0.000 |0.023 |0.000 |0.000 |0.000 |0.000 |0.000 |0.000 |0.000 |0.000 |0.000 |0.000 |0.000 |0.000 |0.000 |0.000 |0.000 |0.000 |0.000 |0.000 |0.000 |0.000 |0.000 |0.000 |0.000 |0.000 |0.000 |0.000 |0.000 |0.000 |0.000 |0.000 |0.977 |0.000 |0.000 |0.000 |0.000 |0.000 |0.000 |0.000 |0.000 |0.000 |0.000 |0.000 |0.000 |0.000 |0.000 |0.000 |0.000 |0.000 |0.000 |0.000 |0.000 |0.000 |0.000 |0.000 |0.000 |0.000 |0.000 |0.000 |0.000 |0.000 |0.000 |0.000 |0.000 |0.000 |0.000 |0.000 |0.000 | 
PlayingTabla
 | 0.000 |0.000 |0.000 |0.000 |0.000 |0.000 |0.000 |0.000 |0.000 |0.000 |0.000 |0.000 |0.000 |0.000 |0.000 |0.000 |0.000 |0.000 |0.000 |0.000 |0.000 |0.000 |0.000 |0.000 |0.000 |0.000 |0.000 |0.000 |0.000 |0.000 |0.000 |0.000 |0.000 |0.000 |0.000 |0.000 |0.000 |0.000 |0.000 |0.000 |0.000 |0.000 |0.000 |0.000 |0.000 |0.000 |0.000 |0.000 |0.000 |0.000 |0.000 |0.000 |0.000 |0.000 |0.000 |0.000 |0.000 |0.000 |0.000 |0.000 |0.000 |0.000 |0.000 |0.000 |0.000 |0.968 |0.000 |0.000 |0.000 |0.000 |0.000 |0.000 |0.000 |0.000 |0.032 |0.000 |0.000 |0.000 |0.000 |0.000 |0.000 |0.000 |0.000 |0.000 |0.000 |0.000 |0.000 |0.000 |0.000 |0.000 |0.000 |0.000 |0.000 |0.000 |0.000 |0.000 |0.000 |0.000 |0.000 |0.000 |0.000 | 
PlayingViolin
 | 0.000 |0.000 |0.000 |0.000 |0.000 |0.000 |0.000 |0.000 |0.000 |0.000 |0.000 |0.000 |0.000 |0.000 |0.000 |0.000 |0.000 |0.000 |0.000 |0.000 |0.000 |0.000 |0.000 |0.000 |0.000 |0.000 |0.000 |0.000 |0.000 |0.000 |0.000 |0.000 |0.000 |0.000 |0.000 |0.000 |0.000 |0.000 |0.000 |0.000 |0.000 |0.000 |0.000 |0.000 |0.000 |0.000 |0.000 |0.000 |0.000 |0.000 |0.000 |0.000 |0.000 |0.000 |0.000 |0.000 |0.000 |0.000 |0.000 |0.000 |0.000 |0.000 |0.000 |0.000 |0.000 |0.000 |1.000 |0.000 |0.000 |0.000 |0.000 |0.000 |0.000 |0.000 |0.000 |0.000 |0.000 |0.000 |0.000 |0.000 |0.000 |0.000 |0.000 |0.000 |0.000 |0.000 |0.000 |0.000 |0.000 |0.000 |0.000 |0.000 |0.000 |0.000 |0.000 |0.000 |0.000 |0.000 |0.000 |0.000 |0.000 | 
PoleVault
 | 0.000 |0.000 |0.000 |0.000 |0.000 |0.000 |0.000 |0.000 |0.000 |0.000 |0.000 |0.000 |0.000 |0.000 |0.000 |0.000 |0.000 |0.000 |0.000 |0.000 |0.000 |0.000 |0.000 |0.000 |0.000 |0.000 |0.000 |0.000 |0.000 |0.000 |0.000 |0.000 |0.000 |0.000 |0.000 |0.000 |0.000 |0.000 |0.000 |0.000 |0.000 |0.000 |0.000 |0.000 |0.000 |0.000 |0.000 |0.000 |0.000 |0.000 |0.000 |0.000 |0.000 |0.000 |0.000 |0.000 |0.000 |0.000 |0.000 |0.000 |0.000 |0.000 |0.000 |0.000 |0.000 |0.000 |0.000 |1.000 |0.000 |0.000 |0.000 |0.000 |0.000 |0.000 |0.000 |0.000 |0.000 |0.000 |0.000 |0.000 |0.000 |0.000 |0.000 |0.000 |0.000 |0.000 |0.000 |0.000 |0.000 |0.000 |0.000 |0.000 |0.000 |0.000 |0.000 |0.000 |0.000 |0.000 |0.000 |0.000 |0.000 | 
PommelHorse
 | 0.000 |0.000 |0.000 |0.000 |0.000 |0.000 |0.000 |0.000 |0.000 |0.000 |0.000 |0.000 |0.000 |0.000 |0.000 |0.000 |0.000 |0.000 |0.000 |0.000 |0.000 |0.000 |0.000 |0.000 |0.000 |0.000 |0.000 |0.000 |0.000 |0.000 |0.000 |0.000 |0.000 |0.000 |0.000 |0.000 |0.000 |0.000 |0.000 |0.000 |0.000 |0.000 |0.000 |0.000 |0.000 |0.000 |0.000 |0.000 |0.000 |0.000 |0.000 |0.000 |0.000 |0.000 |0.000 |0.000 |0.000 |0.000 |0.000 |0.000 |0.000 |0.000 |0.000 |0.000 |0.000 |0.000 |0.000 |0.000 |1.000 |0.000 |0.000 |0.000 |0.000 |0.000 |0.000 |0.000 |0.000 |0.000 |0.000 |0.000 |0.000 |0.000 |0.000 |0.000 |0.000 |0.000 |0.000 |0.000 |0.000 |0.000 |0.000 |0.000 |0.000 |0.000 |0.000 |0.000 |0.000 |0.000 |0.000 |0.000 |0.000 | 
PullUps
 | 0.000 |0.000 |0.000 |0.000 |0.000 |0.000 |0.000 |0.000 |0.000 |0.000 |0.000 |0.000 |0.000 |0.000 |0.000 |0.000 |0.000 |0.000 |0.000 |0.000 |0.000 |0.000 |0.000 |0.000 |0.000 |0.000 |0.000 |0.000 |0.000 |0.000 |0.000 |0.000 |0.000 |0.000 |0.000 |0.000 |0.000 |0.000 |0.000 |0.000 |0.000 |0.000 |0.000 |0.000 |0.000 |0.000 |0.000 |0.000 |0.000 |0.000 |0.000 |0.000 |0.000 |0.000 |0.000 |0.000 |0.000 |0.000 |0.000 |0.000 |0.000 |0.000 |0.000 |0.000 |0.000 |0.000 |0.000 |0.000 |0.000 |0.607 |0.000 |0.000 |0.000 |0.107 |0.179 |0.000 |0.000 |0.000 |0.000 |0.000 |0.000 |0.000 |0.000 |0.000 |0.000 |0.000 |0.000 |0.000 |0.036 |0.000 |0.000 |0.000 |0.000 |0.000 |0.000 |0.000 |0.071 |0.000 |0.000 |0.000 |0.000 | 
Punch
 | 0.000 |0.000 |0.000 |0.000 |0.000 |0.000 |0.000 |0.000 |0.000 |0.000 |0.000 |0.000 |0.000 |0.000 |0.000 |0.000 |0.103 |0.000 |0.000 |0.000 |0.000 |0.000 |0.000 |0.000 |0.000 |0.000 |0.000 |0.000 |0.000 |0.000 |0.000 |0.000 |0.000 |0.000 |0.000 |0.000 |0.000 |0.000 |0.000 |0.000 |0.000 |0.000 |0.000 |0.000 |0.000 |0.000 |0.000 |0.000 |0.000 |0.000 |0.000 |0.000 |0.000 |0.000 |0.000 |0.000 |0.000 |0.000 |0.000 |0.000 |0.000 |0.000 |0.000 |0.000 |0.000 |0.000 |0.000 |0.000 |0.000 |0.000 |0.897 |0.000 |0.000 |0.000 |0.000 |0.000 |0.000 |0.000 |0.000 |0.000 |0.000 |0.000 |0.000 |0.000 |0.000 |0.000 |0.000 |0.000 |0.000 |0.000 |0.000 |0.000 |0.000 |0.000 |0.000 |0.000 |0.000 |0.000 |0.000 |0.000 |0.000 | 
PushUps
 | 0.000 |0.000 |0.000 |0.000 |0.000 |0.000 |0.000 |0.000 |0.000 |0.000 |0.000 |0.000 |0.000 |0.000 |0.000 |0.000 |0.000 |0.000 |0.000 |0.000 |0.000 |0.000 |0.000 |0.000 |0.000 |0.000 |0.000 |0.000 |0.000 |0.000 |0.000 |0.000 |0.000 |0.000 |0.000 |0.000 |0.000 |0.000 |0.000 |0.000 |0.000 |0.000 |0.000 |0.000 |0.000 |0.000 |0.000 |0.000 |0.000 |0.000 |0.000 |0.000 |0.000 |0.000 |0.000 |0.000 |0.000 |0.000 |0.000 |0.000 |0.000 |0.000 |0.000 |0.000 |0.000 |0.000 |0.000 |0.000 |0.000 |0.000 |0.000 |0.867 |0.000 |0.133 |0.000 |0.000 |0.000 |0.000 |0.000 |0.000 |0.000 |0.000 |0.000 |0.000 |0.000 |0.000 |0.000 |0.000 |0.000 |0.000 |0.000 |0.000 |0.000 |0.000 |0.000 |0.000 |0.000 |0.000 |0.000 |0.000 |0.000 | 
Rafting
 | 0.000 |0.000 |0.000 |0.000 |0.000 |0.000 |0.000 |0.000 |0.000 |0.000 |0.000 |0.000 |0.000 |0.000 |0.000 |0.000 |0.000 |0.000 |0.000 |0.000 |0.000 |0.000 |0.000 |0.000 |0.000 |0.000 |0.000 |0.000 |0.000 |0.000 |0.000 |0.000 |0.000 |0.000 |0.000 |0.000 |0.000 |0.000 |0.000 |0.000 |0.000 |0.000 |0.000 |0.000 |0.000 |0.000 |0.000 |0.000 |0.107 |0.000 |0.000 |0.000 |0.000 |0.000 |0.000 |0.000 |0.000 |0.000 |0.000 |0.000 |0.000 |0.000 |0.000 |0.000 |0.000 |0.000 |0.000 |0.000 |0.000 |0.000 |0.000 |0.000 |0.893 |0.000 |0.000 |0.000 |0.000 |0.000 |0.000 |0.000 |0.000 |0.000 |0.000 |0.000 |0.000 |0.000 |0.000 |0.000 |0.000 |0.000 |0.000 |0.000 |0.000 |0.000 |0.000 |0.000 |0.000 |0.000 |0.000 |0.000 |0.000 | 
RockClimbingIndoor
 | 0.000 |0.000 |0.000 |0.000 |0.000 |0.000 |0.000 |0.000 |0.000 |0.000 |0.000 |0.000 |0.000 |0.000 |0.000 |0.000 |0.000 |0.000 |0.000 |0.000 |0.000 |0.000 |0.000 |0.000 |0.000 |0.000 |0.000 |0.000 |0.000 |0.000 |0.000 |0.000 |0.000 |0.000 |0.000 |0.000 |0.000 |0.000 |0.000 |0.000 |0.000 |0.000 |0.000 |0.000 |0.000 |0.000 |0.000 |0.000 |0.000 |0.000 |0.000 |0.000 |0.000 |0.000 |0.000 |0.000 |0.000 |0.000 |0.000 |0.000 |0.000 |0.000 |0.000 |0.000 |0.000 |0.000 |0.000 |0.000 |0.000 |0.000 |0.000 |0.000 |0.000 |1.000 |0.000 |0.000 |0.000 |0.000 |0.000 |0.000 |0.000 |0.000 |0.000 |0.000 |0.000 |0.000 |0.000 |0.000 |0.000 |0.000 |0.000 |0.000 |0.000 |0.000 |0.000 |0.000 |0.000 |0.000 |0.000 |0.000 |0.000 | 
RopeClimbing
 | 0.000 |0.000 |0.000 |0.000 |0.000 |0.000 |0.000 |0.000 |0.000 |0.000 |0.000 |0.000 |0.000 |0.000 |0.000 |0.000 |0.000 |0.000 |0.000 |0.000 |0.000 |0.000 |0.000 |0.000 |0.000 |0.000 |0.000 |0.000 |0.000 |0.000 |0.000 |0.000 |0.000 |0.000 |0.000 |0.000 |0.000 |0.000 |0.000 |0.000 |0.000 |0.000 |0.000 |0.000 |0.000 |0.000 |0.000 |0.000 |0.000 |0.000 |0.000 |0.000 |0.000 |0.000 |0.000 |0.000 |0.000 |0.000 |0.000 |0.000 |0.000 |0.000 |0.000 |0.000 |0.000 |0.000 |0.000 |0.088 |0.000 |0.000 |0.000 |0.000 |0.000 |0.000 |0.912 |0.000 |0.000 |0.000 |0.000 |0.000 |0.000 |0.000 |0.000 |0.000 |0.000 |0.000 |0.000 |0.000 |0.000 |0.000 |0.000 |0.000 |0.000 |0.000 |0.000 |0.000 |0.000 |0.000 |0.000 |0.000 |0.000 | 
Rowing
 | 0.000 |0.000 |0.000 |0.000 |0.000 |0.000 |0.000 |0.000 |0.000 |0.000 |0.000 |0.000 |0.000 |0.000 |0.000 |0.000 |0.000 |0.000 |0.000 |0.000 |0.000 |0.000 |0.000 |0.000 |0.000 |0.000 |0.000 |0.000 |0.000 |0.000 |0.000 |0.000 |0.000 |0.000 |0.000 |0.000 |0.000 |0.000 |0.000 |0.000 |0.000 |0.000 |0.000 |0.000 |0.000 |0.000 |0.000 |0.000 |0.000 |0.000 |0.000 |0.000 |0.000 |0.000 |0.000 |0.000 |0.000 |0.000 |0.000 |0.000 |0.000 |0.000 |0.000 |0.000 |0.000 |0.000 |0.000 |0.000 |0.000 |0.000 |0.000 |0.000 |0.000 |0.000 |0.000 |0.972 |0.000 |0.000 |0.000 |0.000 |0.000 |0.028 |0.000 |0.000 |0.000 |0.000 |0.000 |0.000 |0.000 |0.000 |0.000 |0.000 |0.000 |0.000 |0.000 |0.000 |0.000 |0.000 |0.000 |0.000 |0.000 | 
SalsaSpin
 | 0.000 |0.000 |0.000 |0.000 |0.000 |0.000 |0.000 |0.000 |0.000 |0.000 |0.000 |0.000 |0.000 |0.000 |0.000 |0.000 |0.000 |0.000 |0.000 |0.000 |0.000 |0.000 |0.000 |0.000 |0.000 |0.000 |0.000 |0.000 |0.000 |0.000 |0.000 |0.000 |0.000 |0.000 |0.000 |0.000 |0.000 |0.000 |0.000 |0.000 |0.000 |0.000 |0.000 |0.000 |0.000 |0.000 |0.000 |0.000 |0.000 |0.000 |0.000 |0.000 |0.000 |0.000 |0.000 |0.000 |0.000 |0.000 |0.000 |0.000 |0.000 |0.000 |0.000 |0.000 |0.000 |0.000 |0.000 |0.000 |0.000 |0.000 |0.000 |0.000 |0.000 |0.000 |0.000 |0.000 |1.000 |0.000 |0.000 |0.000 |0.000 |0.000 |0.000 |0.000 |0.000 |0.000 |0.000 |0.000 |0.000 |0.000 |0.000 |0.000 |0.000 |0.000 |0.000 |0.000 |0.000 |0.000 |0.000 |0.000 |0.000 | 
ShavingBeard
 | 0.047 |0.023 |0.000 |0.000 |0.000 |0.000 |0.000 |0.000 |0.000 |0.000 |0.000 |0.000 |0.000 |0.000 |0.000 |0.000 |0.000 |0.000 |0.000 |0.000 |0.000 |0.000 |0.000 |0.000 |0.023 |0.000 |0.000 |0.000 |0.000 |0.000 |0.000 |0.000 |0.000 |0.023 |0.000 |0.000 |0.000 |0.000 |0.000 |0.000 |0.000 |0.000 |0.000 |0.000 |0.000 |0.000 |0.000 |0.000 |0.000 |0.000 |0.000 |0.000 |0.000 |0.000 |0.000 |0.000 |0.000 |0.000 |0.000 |0.000 |0.000 |0.000 |0.000 |0.000 |0.000 |0.000 |0.000 |0.000 |0.000 |0.000 |0.000 |0.000 |0.000 |0.000 |0.000 |0.000 |0.000 |0.884 |0.000 |0.000 |0.000 |0.000 |0.000 |0.000 |0.000 |0.000 |0.000 |0.000 |0.000 |0.000 |0.000 |0.000 |0.000 |0.000 |0.000 |0.000 |0.000 |0.000 |0.000 |0.000 |0.000 | 
Shotput
 | 0.000 |0.000 |0.000 |0.000 |0.000 |0.000 |0.065 |0.000 |0.000 |0.000 |0.000 |0.000 |0.000 |0.000 |0.000 |0.000 |0.000 |0.000 |0.000 |0.000 |0.000 |0.000 |0.000 |0.000 |0.000 |0.000 |0.000 |0.065 |0.000 |0.000 |0.000 |0.000 |0.130 |0.000 |0.000 |0.000 |0.000 |0.043 |0.000 |0.000 |0.000 |0.022 |0.000 |0.000 |0.043 |0.000 |0.000 |0.000 |0.000 |0.000 |0.000 |0.000 |0.000 |0.000 |0.000 |0.000 |0.000 |0.000 |0.000 |0.000 |0.000 |0.000 |0.000 |0.000 |0.000 |0.000 |0.000 |0.000 |0.000 |0.000 |0.000 |0.000 |0.000 |0.000 |0.000 |0.000 |0.000 |0.000 |0.500 |0.000 |0.000 |0.000 |0.000 |0.022 |0.000 |0.000 |0.043 |0.000 |0.000 |0.000 |0.022 |0.000 |0.043 |0.000 |0.000 |0.000 |0.000 |0.000 |0.000 |0.000 |0.000 | 
SkateBoarding
 | 0.000 |0.000 |0.000 |0.000 |0.000 |0.000 |0.000 |0.000 |0.000 |0.000 |0.031 |0.000 |0.000 |0.000 |0.000 |0.000 |0.000 |0.000 |0.000 |0.000 |0.000 |0.000 |0.000 |0.000 |0.000 |0.000 |0.000 |0.000 |0.000 |0.000 |0.000 |0.000 |0.000 |0.000 |0.000 |0.000 |0.000 |0.000 |0.000 |0.000 |0.000 |0.000 |0.000 |0.000 |0.000 |0.000 |0.000 |0.000 |0.000 |0.000 |0.000 |0.031 |0.000 |0.000 |0.000 |0.000 |0.000 |0.000 |0.000 |0.000 |0.000 |0.000 |0.000 |0.000 |0.000 |0.000 |0.000 |0.000 |0.000 |0.000 |0.000 |0.000 |0.000 |0.000 |0.000 |0.000 |0.000 |0.000 |0.000 |0.906 |0.031 |0.000 |0.000 |0.000 |0.000 |0.000 |0.000 |0.000 |0.000 |0.000 |0.000 |0.000 |0.000 |0.000 |0.000 |0.000 |0.000 |0.000 |0.000 |0.000 |0.000 | 
Skiing
 | 0.000 |0.000 |0.000 |0.000 |0.000 |0.000 |0.000 |0.000 |0.000 |0.000 |0.000 |0.000 |0.000 |0.000 |0.000 |0.000 |0.000 |0.000 |0.000 |0.000 |0.000 |0.000 |0.000 |0.000 |0.000 |0.000 |0.000 |0.000 |0.000 |0.000 |0.000 |0.000 |0.000 |0.000 |0.000 |0.000 |0.000 |0.000 |0.000 |0.000 |0.000 |0.000 |0.000 |0.000 |0.000 |0.000 |0.000 |0.000 |0.000 |0.000 |0.000 |0.000 |0.000 |0.000 |0.000 |0.000 |0.000 |0.000 |0.000 |0.000 |0.000 |0.000 |0.000 |0.000 |0.000 |0.000 |0.000 |0.000 |0.000 |0.000 |0.000 |0.000 |0.000 |0.000 |0.000 |0.000 |0.000 |0.000 |0.000 |0.100 |0.875 |0.000 |0.000 |0.000 |0.000 |0.000 |0.000 |0.000 |0.000 |0.000 |0.000 |0.000 |0.000 |0.000 |0.000 |0.000 |0.000 |0.025 |0.000 |0.000 |0.000 | 
Skijet
 | 0.000 |0.000 |0.000 |0.000 |0.000 |0.000 |0.000 |0.000 |0.000 |0.000 |0.000 |0.000 |0.000 |0.000 |0.000 |0.000 |0.000 |0.000 |0.000 |0.000 |0.000 |0.000 |0.000 |0.000 |0.000 |0.000 |0.000 |0.000 |0.000 |0.000 |0.000 |0.000 |0.000 |0.000 |0.000 |0.000 |0.000 |0.000 |0.000 |0.000 |0.000 |0.000 |0.000 |0.000 |0.000 |0.000 |0.000 |0.000 |0.000 |0.000 |0.000 |0.000 |0.000 |0.000 |0.000 |0.000 |0.000 |0.000 |0.000 |0.000 |0.000 |0.000 |0.000 |0.000 |0.000 |0.000 |0.000 |0.000 |0.000 |0.000 |0.000 |0.000 |0.000 |0.000 |0.000 |0.000 |0.000 |0.000 |0.000 |0.000 |0.000 |1.000 |0.000 |0.000 |0.000 |0.000 |0.000 |0.000 |0.000 |0.000 |0.000 |0.000 |0.000 |0.000 |0.000 |0.000 |0.000 |0.000 |0.000 |0.000 |0.000 | 
SkyDiving
 | 0.000 |0.000 |0.000 |0.000 |0.000 |0.000 |0.000 |0.000 |0.000 |0.000 |0.000 |0.000 |0.000 |0.000 |0.000 |0.000 |0.000 |0.000 |0.000 |0.000 |0.000 |0.000 |0.000 |0.000 |0.000 |0.000 |0.000 |0.000 |0.000 |0.000 |0.000 |0.000 |0.000 |0.000 |0.000 |0.000 |0.000 |0.000 |0.000 |0.000 |0.000 |0.000 |0.000 |0.000 |0.000 |0.000 |0.000 |0.000 |0.000 |0.000 |0.000 |0.000 |0.000 |0.000 |0.000 |0.000 |0.000 |0.000 |0.000 |0.000 |0.000 |0.000 |0.000 |0.000 |0.000 |0.000 |0.000 |0.000 |0.000 |0.000 |0.000 |0.000 |0.000 |0.000 |0.000 |0.000 |0.000 |0.000 |0.000 |0.000 |0.065 |0.000 |0.935 |0.000 |0.000 |0.000 |0.000 |0.000 |0.000 |0.000 |0.000 |0.000 |0.000 |0.000 |0.000 |0.000 |0.000 |0.000 |0.000 |0.000 |0.000 | 
SoccerJuggling
 | 0.000 |0.000 |0.000 |0.000 |0.000 |0.000 |0.000 |0.026 |0.000 |0.000 |0.000 |0.000 |0.000 |0.000 |0.000 |0.000 |0.000 |0.000 |0.000 |0.000 |0.000 |0.000 |0.000 |0.000 |0.000 |0.000 |0.000 |0.000 |0.000 |0.000 |0.000 |0.000 |0.000 |0.000 |0.000 |0.000 |0.000 |0.000 |0.000 |0.000 |0.000 |0.000 |0.000 |0.000 |0.000 |0.000 |0.000 |0.103 |0.000 |0.000 |0.000 |0.000 |0.000 |0.000 |0.000 |0.000 |0.000 |0.000 |0.000 |0.000 |0.000 |0.000 |0.000 |0.000 |0.000 |0.000 |0.000 |0.000 |0.000 |0.000 |0.000 |0.000 |0.000 |0.000 |0.000 |0.000 |0.000 |0.000 |0.000 |0.000 |0.000 |0.000 |0.000 |0.769 |0.000 |0.000 |0.000 |0.000 |0.000 |0.000 |0.000 |0.103 |0.000 |0.000 |0.000 |0.000 |0.000 |0.000 |0.000 |0.000 |0.000 | 
SoccerPenalty
 | 0.000 |0.000 |0.000 |0.000 |0.000 |0.000 |0.000 |0.000 |0.000 |0.000 |0.000 |0.000 |0.000 |0.000 |0.000 |0.000 |0.000 |0.000 |0.000 |0.000 |0.000 |0.000 |0.000 |0.000 |0.000 |0.000 |0.000 |0.000 |0.000 |0.000 |0.000 |0.000 |0.000 |0.000 |0.000 |0.000 |0.000 |0.000 |0.000 |0.000 |0.000 |0.000 |0.000 |0.000 |0.000 |0.000 |0.000 |0.000 |0.000 |0.000 |0.000 |0.000 |0.000 |0.000 |0.000 |0.000 |0.000 |0.000 |0.000 |0.000 |0.000 |0.000 |0.000 |0.000 |0.000 |0.000 |0.000 |0.000 |0.000 |0.000 |0.000 |0.000 |0.000 |0.000 |0.000 |0.000 |0.000 |0.000 |0.000 |0.000 |0.000 |0.000 |0.000 |0.000 |1.000 |0.000 |0.000 |0.000 |0.000 |0.000 |0.000 |0.000 |0.000 |0.000 |0.000 |0.000 |0.000 |0.000 |0.000 |0.000 |0.000 | 
StillRings
 | 0.000 |0.000 |0.000 |0.000 |0.000 |0.000 |0.000 |0.000 |0.000 |0.000 |0.000 |0.000 |0.000 |0.000 |0.000 |0.000 |0.000 |0.000 |0.000 |0.000 |0.000 |0.000 |0.000 |0.000 |0.000 |0.000 |0.000 |0.000 |0.000 |0.000 |0.000 |0.000 |0.000 |0.000 |0.000 |0.000 |0.000 |0.031 |0.000 |0.000 |0.000 |0.000 |0.000 |0.000 |0.000 |0.000 |0.000 |0.000 |0.000 |0.000 |0.000 |0.000 |0.000 |0.000 |0.000 |0.000 |0.000 |0.000 |0.000 |0.000 |0.000 |0.000 |0.000 |0.000 |0.000 |0.000 |0.000 |0.062 |0.000 |0.000 |0.000 |0.000 |0.000 |0.000 |0.000 |0.000 |0.000 |0.000 |0.000 |0.000 |0.000 |0.000 |0.000 |0.000 |0.000 |0.906 |0.000 |0.000 |0.000 |0.000 |0.000 |0.000 |0.000 |0.000 |0.000 |0.000 |0.000 |0.000 |0.000 |0.000 |0.000 | 
SumoWrestling
 | 0.000 |0.000 |0.000 |0.000 |0.000 |0.000 |0.000 |0.000 |0.000 |0.000 |0.000 |0.000 |0.000 |0.000 |0.000 |0.000 |0.000 |0.000 |0.000 |0.000 |0.000 |0.000 |0.000 |0.000 |0.000 |0.000 |0.000 |0.000 |0.000 |0.000 |0.000 |0.000 |0.000 |0.000 |0.000 |0.000 |0.000 |0.000 |0.000 |0.000 |0.000 |0.029 |0.000 |0.000 |0.000 |0.000 |0.000 |0.000 |0.000 |0.000 |0.000 |0.000 |0.000 |0.000 |0.000 |0.000 |0.000 |0.000 |0.000 |0.000 |0.000 |0.000 |0.000 |0.000 |0.000 |0.000 |0.000 |0.000 |0.000 |0.000 |0.000 |0.000 |0.000 |0.000 |0.000 |0.000 |0.000 |0.000 |0.000 |0.000 |0.000 |0.000 |0.000 |0.000 |0.000 |0.000 |0.971 |0.000 |0.000 |0.000 |0.000 |0.000 |0.000 |0.000 |0.000 |0.000 |0.000 |0.000 |0.000 |0.000 |0.000 | 
Surfing
 | 0.000 |0.000 |0.000 |0.000 |0.000 |0.000 |0.000 |0.000 |0.000 |0.000 |0.000 |0.000 |0.000 |0.000 |0.000 |0.000 |0.000 |0.000 |0.000 |0.000 |0.000 |0.000 |0.000 |0.000 |0.000 |0.000 |0.000 |0.000 |0.000 |0.000 |0.000 |0.000 |0.000 |0.000 |0.000 |0.000 |0.000 |0.000 |0.000 |0.000 |0.000 |0.000 |0.000 |0.000 |0.000 |0.000 |0.000 |0.000 |0.000 |0.000 |0.000 |0.000 |0.000 |0.000 |0.000 |0.000 |0.000 |0.000 |0.000 |0.000 |0.000 |0.000 |0.000 |0.000 |0.000 |0.000 |0.000 |0.000 |0.000 |0.000 |0.000 |0.000 |0.000 |0.000 |0.000 |0.000 |0.000 |0.000 |0.000 |0.000 |0.000 |0.000 |0.000 |0.000 |0.000 |0.000 |0.000 |1.000 |0.000 |0.000 |0.000 |0.000 |0.000 |0.000 |0.000 |0.000 |0.000 |0.000 |0.000 |0.000 |0.000 | 
Swing
 | 0.000 |0.000 |0.000 |0.000 |0.000 |0.000 |0.000 |0.000 |0.000 |0.000 |0.000 |0.000 |0.000 |0.000 |0.000 |0.000 |0.000 |0.000 |0.000 |0.000 |0.000 |0.000 |0.000 |0.000 |0.000 |0.000 |0.000 |0.000 |0.000 |0.000 |0.000 |0.000 |0.000 |0.000 |0.000 |0.000 |0.000 |0.000 |0.000 |0.000 |0.000 |0.000 |0.000 |0.000 |0.000 |0.000 |0.000 |0.000 |0.000 |0.000 |0.000 |0.000 |0.000 |0.000 |0.000 |0.000 |0.000 |0.000 |0.000 |0.000 |0.000 |0.000 |0.000 |0.000 |0.000 |0.000 |0.000 |0.000 |0.000 |0.000 |0.000 |0.000 |0.000 |0.000 |0.000 |0.000 |0.000 |0.000 |0.000 |0.000 |0.000 |0.000 |0.000 |0.119 |0.000 |0.000 |0.000 |0.000 |0.810 |0.000 |0.000 |0.000 |0.000 |0.048 |0.000 |0.000 |0.000 |0.024 |0.000 |0.000 |0.000 | 
TableTennisShot
 | 0.000 |0.000 |0.000 |0.000 |0.000 |0.000 |0.000 |0.000 |0.000 |0.000 |0.000 |0.000 |0.000 |0.000 |0.000 |0.000 |0.000 |0.000 |0.000 |0.000 |0.000 |0.000 |0.000 |0.000 |0.000 |0.000 |0.000 |0.000 |0.000 |0.000 |0.000 |0.000 |0.000 |0.000 |0.000 |0.000 |0.000 |0.000 |0.000 |0.000 |0.000 |0.000 |0.000 |0.000 |0.000 |0.000 |0.000 |0.000 |0.000 |0.000 |0.000 |0.000 |0.000 |0.000 |0.000 |0.000 |0.000 |0.000 |0.000 |0.000 |0.000 |0.000 |0.000 |0.000 |0.000 |0.000 |0.000 |0.000 |0.000 |0.000 |0.000 |0.000 |0.000 |0.000 |0.000 |0.000 |0.000 |0.000 |0.000 |0.000 |0.000 |0.000 |0.000 |0.000 |0.000 |0.000 |0.000 |0.000 |0.000 |0.923 |0.077 |0.000 |0.000 |0.000 |0.000 |0.000 |0.000 |0.000 |0.000 |0.000 |0.000 | 
TaiChi
 | 0.000 |0.000 |0.000 |0.000 |0.000 |0.000 |0.000 |0.000 |0.000 |0.000 |0.000 |0.000 |0.000 |0.000 |0.000 |0.000 |0.000 |0.000 |0.000 |0.000 |0.000 |0.000 |0.000 |0.000 |0.000 |0.000 |0.000 |0.000 |0.000 |0.000 |0.000 |0.000 |0.000 |0.000 |0.000 |0.000 |0.000 |0.000 |0.000 |0.000 |0.000 |0.000 |0.000 |0.000 |0.000 |0.000 |0.000 |0.000 |0.000 |0.000 |0.000 |0.000 |0.000 |0.000 |0.000 |0.000 |0.000 |0.000 |0.000 |0.000 |0.000 |0.000 |0.000 |0.000 |0.000 |0.000 |0.000 |0.000 |0.000 |0.000 |0.000 |0.000 |0.000 |0.000 |0.000 |0.000 |0.000 |0.000 |0.000 |0.000 |0.000 |0.000 |0.000 |0.000 |0.000 |0.000 |0.000 |0.000 |0.000 |0.000 |1.000 |0.000 |0.000 |0.000 |0.000 |0.000 |0.000 |0.000 |0.000 |0.000 |0.000 | 
TennisSwing
 | 0.000 |0.000 |0.000 |0.000 |0.000 |0.000 |0.000 |0.000 |0.000 |0.000 |0.000 |0.000 |0.000 |0.000 |0.000 |0.000 |0.000 |0.000 |0.000 |0.000 |0.000 |0.000 |0.000 |0.000 |0.000 |0.000 |0.000 |0.000 |0.000 |0.000 |0.000 |0.000 |0.000 |0.000 |0.000 |0.000 |0.000 |0.000 |0.000 |0.000 |0.000 |0.000 |0.000 |0.000 |0.000 |0.000 |0.000 |0.000 |0.000 |0.000 |0.000 |0.000 |0.000 |0.000 |0.000 |0.000 |0.000 |0.000 |0.000 |0.000 |0.000 |0.000 |0.000 |0.000 |0.000 |0.000 |0.000 |0.000 |0.000 |0.000 |0.000 |0.000 |0.000 |0.000 |0.000 |0.000 |0.000 |0.000 |0.000 |0.000 |0.000 |0.000 |0.000 |0.000 |0.000 |0.000 |0.000 |0.000 |0.000 |0.000 |0.000 |1.000 |0.000 |0.000 |0.000 |0.000 |0.000 |0.000 |0.000 |0.000 |0.000 | 
ThrowDiscus
 | 0.000 |0.000 |0.000 |0.000 |0.000 |0.000 |0.000 |0.000 |0.000 |0.000 |0.000 |0.000 |0.000 |0.000 |0.000 |0.000 |0.000 |0.000 |0.000 |0.000 |0.000 |0.000 |0.000 |0.000 |0.000 |0.000 |0.000 |0.000 |0.000 |0.000 |0.000 |0.000 |0.000 |0.000 |0.000 |0.184 |0.000 |0.000 |0.000 |0.000 |0.000 |0.000 |0.000 |0.000 |0.000 |0.000 |0.000 |0.000 |0.000 |0.000 |0.000 |0.000 |0.000 |0.000 |0.000 |0.000 |0.000 |0.000 |0.000 |0.000 |0.000 |0.000 |0.000 |0.000 |0.000 |0.000 |0.000 |0.000 |0.000 |0.000 |0.000 |0.000 |0.000 |0.000 |0.000 |0.000 |0.000 |0.000 |0.000 |0.000 |0.000 |0.000 |0.000 |0.000 |0.000 |0.000 |0.000 |0.000 |0.000 |0.000 |0.053 |0.000 |0.763 |0.000 |0.000 |0.000 |0.000 |0.000 |0.000 |0.000 |0.000 | 
TrampolineJumping
 | 0.000 |0.000 |0.000 |0.000 |0.000 |0.000 |0.000 |0.000 |0.000 |0.000 |0.000 |0.000 |0.000 |0.000 |0.000 |0.000 |0.000 |0.000 |0.000 |0.000 |0.000 |0.000 |0.000 |0.000 |0.000 |0.000 |0.000 |0.000 |0.000 |0.000 |0.000 |0.000 |0.000 |0.000 |0.000 |0.000 |0.000 |0.000 |0.000 |0.000 |0.000 |0.000 |0.000 |0.000 |0.000 |0.000 |0.000 |0.000 |0.000 |0.000 |0.000 |0.000 |0.000 |0.000 |0.000 |0.000 |0.000 |0.000 |0.000 |0.000 |0.000 |0.000 |0.000 |0.000 |0.000 |0.000 |0.000 |0.000 |0.000 |0.000 |0.000 |0.000 |0.000 |0.000 |0.000 |0.000 |0.000 |0.000 |0.000 |0.000 |0.000 |0.000 |0.000 |0.000 |0.000 |0.000 |0.000 |0.000 |0.000 |0.000 |0.000 |0.000 |0.000 |1.000 |0.000 |0.000 |0.000 |0.000 |0.000 |0.000 |0.000 | 
Typing
 | 0.000 |0.000 |0.000 |0.000 |0.000 |0.000 |0.000 |0.000 |0.000 |0.000 |0.000 |0.000 |0.000 |0.000 |0.000 |0.000 |0.000 |0.000 |0.000 |0.000 |0.000 |0.000 |0.000 |0.000 |0.000 |0.000 |0.000 |0.000 |0.000 |0.000 |0.000 |0.000 |0.000 |0.093 |0.000 |0.000 |0.000 |0.000 |0.000 |0.000 |0.000 |0.000 |0.000 |0.000 |0.000 |0.000 |0.000 |0.000 |0.000 |0.000 |0.000 |0.000 |0.000 |0.000 |0.000 |0.000 |0.000 |0.000 |0.000 |0.000 |0.000 |0.000 |0.000 |0.000 |0.000 |0.000 |0.000 |0.000 |0.000 |0.000 |0.000 |0.000 |0.000 |0.000 |0.000 |0.000 |0.000 |0.000 |0.000 |0.000 |0.000 |0.000 |0.000 |0.000 |0.000 |0.000 |0.000 |0.000 |0.000 |0.000 |0.000 |0.000 |0.000 |0.000 |0.907 |0.000 |0.000 |0.000 |0.000 |0.000 |0.000 | 
UnevenBars
 | 0.000 |0.000 |0.000 |0.000 |0.000 |0.000 |0.000 |0.000 |0.000 |0.000 |0.000 |0.000 |0.000 |0.000 |0.000 |0.000 |0.000 |0.000 |0.000 |0.000 |0.000 |0.000 |0.000 |0.000 |0.000 |0.000 |0.000 |0.000 |0.000 |0.000 |0.000 |0.000 |0.000 |0.000 |0.000 |0.000 |0.000 |0.000 |0.000 |0.000 |0.000 |0.000 |0.000 |0.000 |0.000 |0.000 |0.000 |0.000 |0.000 |0.000 |0.000 |0.000 |0.000 |0.000 |0.000 |0.000 |0.036 |0.000 |0.000 |0.000 |0.000 |0.000 |0.000 |0.000 |0.000 |0.000 |0.000 |0.000 |0.000 |0.000 |0.000 |0.000 |0.000 |0.000 |0.000 |0.000 |0.000 |0.000 |0.000 |0.000 |0.000 |0.000 |0.000 |0.000 |0.000 |0.000 |0.000 |0.000 |0.000 |0.000 |0.000 |0.000 |0.000 |0.000 |0.000 |0.964 |0.000 |0.000 |0.000 |0.000 |0.000 | 
VolleyballSpiking
 | 0.000 |0.000 |0.000 |0.000 |0.000 |0.000 |0.000 |0.000 |0.029 |0.000 |0.000 |0.000 |0.000 |0.000 |0.000 |0.000 |0.000 |0.000 |0.000 |0.000 |0.000 |0.000 |0.000 |0.000 |0.000 |0.000 |0.000 |0.000 |0.000 |0.000 |0.000 |0.000 |0.000 |0.000 |0.000 |0.000 |0.000 |0.000 |0.000 |0.000 |0.000 |0.000 |0.000 |0.000 |0.000 |0.000 |0.000 |0.000 |0.000 |0.000 |0.000 |0.000 |0.000 |0.000 |0.000 |0.000 |0.000 |0.000 |0.000 |0.000 |0.000 |0.000 |0.000 |0.000 |0.000 |0.000 |0.000 |0.000 |0.000 |0.000 |0.000 |0.000 |0.000 |0.000 |0.000 |0.000 |0.000 |0.000 |0.000 |0.000 |0.000 |0.000 |0.000 |0.000 |0.000 |0.000 |0.000 |0.000 |0.000 |0.000 |0.000 |0.000 |0.000 |0.000 |0.000 |0.000 |0.971 |0.000 |0.000 |0.000 |0.000 | 
WalkingWithDog
 | 0.000 |0.000 |0.000 |0.000 |0.000 |0.000 |0.000 |0.000 |0.000 |0.000 |0.000 |0.000 |0.000 |0.000 |0.000 |0.000 |0.000 |0.000 |0.000 |0.000 |0.000 |0.000 |0.000 |0.000 |0.000 |0.000 |0.000 |0.000 |0.000 |0.000 |0.000 |0.000 |0.000 |0.000 |0.000 |0.000 |0.000 |0.000 |0.000 |0.000 |0.000 |0.000 |0.000 |0.000 |0.000 |0.000 |0.000 |0.000 |0.028 |0.000 |0.000 |0.000 |0.000 |0.000 |0.000 |0.000 |0.000 |0.000 |0.000 |0.000 |0.000 |0.000 |0.000 |0.000 |0.000 |0.000 |0.000 |0.000 |0.000 |0.000 |0.000 |0.000 |0.000 |0.000 |0.000 |0.000 |0.000 |0.000 |0.000 |0.000 |0.028 |0.000 |0.000 |0.028 |0.000 |0.000 |0.000 |0.000 |0.000 |0.000 |0.000 |0.000 |0.000 |0.000 |0.000 |0.000 |0.000 |0.917 |0.000 |0.000 |0.000 | 
WallPushups
 | 0.000 |0.000 |0.000 |0.000 |0.000 |0.000 |0.000 |0.000 |0.000 |0.000 |0.000 |0.000 |0.000 |0.000 |0.000 |0.000 |0.000 |0.000 |0.000 |0.000 |0.000 |0.000 |0.000 |0.000 |0.000 |0.000 |0.000 |0.000 |0.000 |0.000 |0.000 |0.000 |0.000 |0.000 |0.000 |0.000 |0.000 |0.000 |0.000 |0.000 |0.000 |0.000 |0.000 |0.000 |0.000 |0.000 |0.000 |0.000 |0.000 |0.000 |0.000 |0.000 |0.000 |0.000 |0.000 |0.000 |0.000 |0.000 |0.000 |0.000 |0.000 |0.000 |0.000 |0.000 |0.000 |0.000 |0.000 |0.000 |0.000 |0.000 |0.000 |0.000 |0.000 |0.000 |0.000 |0.000 |0.000 |0.000 |0.000 |0.000 |0.000 |0.000 |0.000 |0.000 |0.000 |0.000 |0.000 |0.000 |0.000 |0.000 |0.000 |0.000 |0.000 |0.000 |0.000 |0.000 |0.000 |0.000 |0.857 |0.143 |0.000 | 
WritingOnBoard
 | 0.000 |0.000 |0.000 |0.000 |0.000 |0.000 |0.000 |0.000 |0.000 |0.000 |0.000 |0.000 |0.000 |0.000 |0.000 |0.000 |0.000 |0.000 |0.000 |0.000 |0.000 |0.000 |0.000 |0.000 |0.000 |0.000 |0.000 |0.000 |0.000 |0.000 |0.000 |0.000 |0.000 |0.000 |0.000 |0.000 |0.000 |0.000 |0.000 |0.000 |0.000 |0.000 |0.000 |0.000 |0.000 |0.000 |0.000 |0.000 |0.000 |0.000 |0.000 |0.000 |0.000 |0.000 |0.000 |0.000 |0.000 |0.000 |0.000 |0.000 |0.000 |0.000 |0.000 |0.000 |0.000 |0.000 |0.000 |0.000 |0.000 |0.000 |0.000 |0.000 |0.000 |0.000 |0.000 |0.000 |0.000 |0.000 |0.000 |0.000 |0.000 |0.000 |0.000 |0.000 |0.000 |0.000 |0.000 |0.000 |0.000 |0.000 |0.000 |0.000 |0.000 |0.000 |0.000 |0.000 |0.000 |0.000 |0.000 |1.000 |0.000 | 
YoYo
 | 0.000 |0.000 |0.083 |0.000 |0.000 |0.000 |0.000 |0.000 |0.000 |0.000 |0.000 |0.000 |0.000 |0.000 |0.000 |0.000 |0.000 |0.000 |0.000 |0.000 |0.056 |0.028 |0.000 |0.000 |0.000 |0.000 |0.000 |0.000 |0.000 |0.000 |0.000 |0.000 |0.000 |0.000 |0.056 |0.000 |0.000 |0.000 |0.000 |0.000 |0.000 |0.000 |0.000 |0.000 |0.000 |0.083 |0.000 |0.000 |0.000 |0.000 |0.000 |0.000 |0.000 |0.000 |0.000 |0.056 |0.000 |0.000 |0.000 |0.000 |0.000 |0.000 |0.000 |0.000 |0.000 |0.000 |0.000 |0.000 |0.000 |0.000 |0.000 |0.000 |0.000 |0.000 |0.000 |0.000 |0.000 |0.000 |0.000 |0.000 |0.000 |0.000 |0.000 |0.000 |0.000 |0.000 |0.000 |0.000 |0.000 |0.000 |0.000 |0.000 |0.000 |0.000 |0.000 |0.000 |0.000 |0.000 |0.000 |0.000 |0.639 | 
ucf_101 result_top5
ApplyEyeMakeup
 :  | 1.000 : ApplyEyeMakeup
 |
 | 0.000 : HandstandPushups
 |
 | 0.000 : Drumming
 |
 | 0.000 : Fencing
 |
 | 0.000 : FieldHockeyPenalty
 |
 ApplyLipstick
 :  | 1.000 : ApplyLipstick
 |
 | 0.000 : YoYo
 |
 | 0.000 : HandstandWalking
 |
 | 0.000 : Fencing
 |
 | 0.000 : FieldHockeyPenalty
 |
 Archery
 :  | 0.756 : Archery
 |
 | 0.098 : Nunchucks
 |
 | 0.024 : RockClimbingIndoor
 |
 | 0.024 : PoleVault
 |
 | 0.024 : PlayingViolin
 |
 BabyCrawling
 :  | 1.000 : BabyCrawling
 |
 | 0.000 : YoYo
 |
 | 0.000 : HandstandWalking
 |
 | 0.000 : Fencing
 |
 | 0.000 : FieldHockeyPenalty
 |
 BalanceBeam
 :  | 0.871 : BalanceBeam
 |
 | 0.065 : Fencing
 |
 | 0.065 : ParallelBars
 |
 | 0.000 : YoYo
 |
 | 0.000 : HandstandWalking
 |
 BandMarching
 :  | 0.953 : BandMarching
 |
 | 0.023 : HeadMassage
 |
 | 0.023 : Drumming
 |
 | 0.000 : JumpingJack
 |
 | 0.000 : JugglingBalls
 |
 BaseballPitch
 :  | 0.791 : BaseballPitch
 |
 | 0.070 : Archery
 |
 | 0.047 : GolfSwing
 |
 | 0.023 : HammerThrow
 |
 | 0.023 : PoleVault
 |
 Basketball
 :  | 0.686 : Basketball
 |
 | 0.114 : TennisSwing
 |
 | 0.086 : SkateBoarding
 |
 | 0.057 : CricketBowling
 |
 | 0.029 : VolleyballSpiking
 |
 BasketballDunk
 :  | 1.000 : BasketballDunk
 |
 | 0.000 : YoYo
 |
 | 0.000 : HandstandWalking
 |
 | 0.000 : Fencing
 |
 | 0.000 : FieldHockeyPenalty
 |
 BenchPress
 :  | 1.000 : BenchPress
 |
 | 0.000 : YoYo
 |
 | 0.000 : HandstandWalking
 |
 | 0.000 : Fencing
 |
 | 0.000 : FieldHockeyPenalty
 |
 Biking
 :  | 1.000 : Biking
 |
 | 0.000 : YoYo
 |
 | 0.000 : HandstandWalking
 |
 | 0.000 : Fencing
 |
 | 0.000 : FieldHockeyPenalty
 |
 Billiards
 :  | 1.000 : Billiards
 |
 | 0.000 : HandstandWalking
 |
 | 0.000 : Fencing
 |
 | 0.000 : FieldHockeyPenalty
 |
 | 0.000 : FloorGymnastics
 |
 BlowDryHair
 :  | 0.842 : BlowDryHair
 |
 | 0.132 : Haircut
 |
 | 0.026 : ShavingBeard
 |
 | 0.000 : Diving
 |
 | 0.000 : Fencing
 |
 BlowingCandles
 :  | 1.000 : BlowingCandles
 |
 | 0.000 : YoYo
 |
 | 0.000 : HandstandPushups
 |
 | 0.000 : Fencing
 |
 | 0.000 : FieldHockeyPenalty
 |
 BodyWeightSquats
 :  | 0.700 : BodyWeightSquats
 |
 | 0.100 : PizzaTossing
 |
 | 0.067 : JumpingJack
 |
 | 0.067 : Lunges
 |
 | 0.033 : StillRings
 |
 Bowling
 :  | 0.977 : Bowling
 |
 | 0.023 : PizzaTossing
 |
 | 0.000 : YoYo
 |
 | 0.000 : HandstandPushups
 |
 | 0.000 : Fencing
 |
 BoxingPunchingBag
 :  | 0.837 : BoxingPunchingBag
 |
 | 0.122 : BoxingSpeedBag
 |
 | 0.041 : Punch
 |
 | 0.000 : YoYo
 |
 | 0.000 : Drumming
 |
 BoxingSpeedBag
 :  | 1.000 : BoxingSpeedBag
 |
 | 0.000 : YoYo
 |
 | 0.000 : HandstandPushups
 |
 | 0.000 : Fencing
 |
 | 0.000 : FieldHockeyPenalty
 |
 BreastStroke
 :  | 1.000 : BreastStroke
 |
 | 0.000 : YoYo
 |
 | 0.000 : HandstandPushups
 |
 | 0.000 : Fencing
 |
 | 0.000 : FieldHockeyPenalty
 |
 BrushingTeeth
 :  | 0.444 : BrushingTeeth
 |
 | 0.389 : ShavingBeard
 |
 | 0.111 : ApplyLipstick
 |
 | 0.056 : PlayingFlute
 |
 | 0.000 : HandstandPushups
 |
 CleanAndJerk
 :  | 0.848 : CleanAndJerk
 |
 | 0.121 : ParallelBars
 |
 | 0.030 : PullUps
 |
 | 0.000 : YoYo
 |
 | 0.000 : HammerThrow
 |
 CliffDiving
 :  | 1.000 : CliffDiving
 |
 | 0.000 : YoYo
 |
 | 0.000 : HandstandPushups
 |
 | 0.000 : Fencing
 |
 | 0.000 : FieldHockeyPenalty
 |
 CricketBowling
 :  | 0.639 : CricketBowling
 |
 | 0.111 : JavelinThrow
 |
 | 0.111 : CricketShot
 |
 | 0.056 : FrisbeeCatch
 |
 | 0.028 : Shotput
 |
 CricketShot
 :  | 0.592 : CricketShot
 |
 | 0.286 : CricketBowling
 |
 | 0.082 : ThrowDiscus
 |
 | 0.020 : Fencing
 |
 | 0.020 : HammerThrow
 |
 CuttingInKitchen
 :  | 0.848 : CuttingInKitchen
 |
 | 0.152 : Mixing
 |
 | 0.000 : HandstandWalking
 |
 | 0.000 : Fencing
 |
 | 0.000 : FieldHockeyPenalty
 |
 Diving
 :  | 1.000 : Diving
 |
 | 0.000 : HandstandPushups
 |
 | 0.000 : Drumming
 |
 | 0.000 : Fencing
 |
 | 0.000 : FieldHockeyPenalty
 |
 Drumming
 :  | 0.867 : Drumming
 |
 | 0.111 : MoppingFloor
 |
 | 0.022 : PlayingDhol
 |
 | 0.000 : HandstandPushups
 |
 | 0.000 : Fencing
 |
 Fencing
 :  | 0.971 : Fencing
 |
 | 0.029 : BandMarching
 |
 | 0.000 : YoYo
 |
 | 0.000 : HandstandWalking
 |
 | 0.000 : FieldHockeyPenalty
 |
 FieldHockeyPenalty
 :  | 0.750 : FieldHockeyPenalty
 |
 | 0.150 : SoccerPenalty
 |
 | 0.075 : FrisbeeCatch
 |
 | 0.025 : CricketShot
 |
 | 0.000 : CuttingInKitchen
 |
 FloorGymnastics
 :  | 0.944 : FloorGymnastics
 |
 | 0.028 : UnevenBars
 |
 | 0.028 : BalanceBeam
 |
 | 0.000 : YoYo
 |
 | 0.000 : HandstandWalking
 |
 FrisbeeCatch
 :  | 0.919 : FrisbeeCatch
 |
 | 0.027 : LongJump
 |
 | 0.027 : FieldHockeyPenalty
 |
 | 0.027 : HighJump
 |
 | 0.000 : HandstandPushups
 |
 FrontCrawl
 :  | 0.838 : FrontCrawl
 |
 | 0.054 : BreastStroke
 |
 | 0.027 : YoYo
 |
 | 0.027 : Skijet
 |
 | 0.027 : Bowling
 |
 GolfSwing
 :  | 0.872 : GolfSwing
 |
 | 0.103 : Archery
 |
 | 0.026 : FieldHockeyPenalty
 |
 | 0.000 : YoYo
 |
 | 0.000 : HandstandWalking
 |
 Haircut
 :  | 0.758 : Haircut
 |
 | 0.152 : BlowDryHair
 |
 | 0.091 : Hammering
 |
 | 0.000 : YoYo
 |
 | 0.000 : Fencing
 |
 Hammering
 :  | 0.515 : Hammering
 |
 | 0.152 : HeadMassage
 |
 | 0.121 : BrushingTeeth
 |
 | 0.061 : PlayingViolin
 |
 | 0.030 : BlowingCandles
 |
 HammerThrow
 :  | 0.733 : HammerThrow
 |
 | 0.244 : ThrowDiscus
 |
 | 0.022 : Shotput
 |
 | 0.000 : YoYo
 |
 | 0.000 : Drumming
 |
 HandstandPushups
 :  | 0.964 : HandstandPushups
 |
 | 0.036 : BoxingPunchingBag
 |
 | 0.000 : YoYo
 |
 | 0.000 : Fencing
 |
 | 0.000 : FieldHockeyPenalty
 |
 HandstandWalking
 :  | 0.618 : HandstandWalking
 |
 | 0.118 : ParallelBars
 |
 | 0.088 : Lunges
 |
 | 0.059 : HandstandPushups
 |
 | 0.029 : CricketBowling
 |
 HeadMassage
 :  | 0.829 : HeadMassage
 |
 | 0.122 : BlowDryHair
 |
 | 0.049 : Haircut
 |
 | 0.000 : YoYo
 |
 | 0.000 : Fencing
 |
 HighJump
 :  | 0.595 : HighJump
 |
 | 0.216 : JavelinThrow
 |
 | 0.081 : LongJump
 |
 | 0.054 : PoleVault
 |
 | 0.027 : VolleyballSpiking
 |
 HorseRace
 :  | 0.943 : HorseRace
 |
 | 0.029 : FrisbeeCatch
 |
 | 0.029 : HorseRiding
 |
 | 0.000 : YoYo
 |
 | 0.000 : HammerThrow
 |
 HorseRiding
 :  | 1.000 : HorseRiding
 |
 | 0.000 : YoYo
 |
 | 0.000 : HandstandPushups
 |
 | 0.000 : Drumming
 |
 | 0.000 : Fencing
 |
 HulaHoop
 :  | 0.971 : HulaHoop
 |
 | 0.029 : BandMarching
 |
 | 0.000 : YoYo
 |
 | 0.000 : HandstandPushups
 |
 | 0.000 : Fencing
 |
 IceDancing
 :  | 1.000 : IceDancing
 |
 | 0.000 : YoYo
 |
 | 0.000 : HandstandPushups
 |
 | 0.000 : Drumming
 |
 | 0.000 : Fencing
 |
 JavelinThrow
 :  | 0.774 : JavelinThrow
 |
 | 0.161 : LongJump
 |
 | 0.065 : FrisbeeCatch
 |
 | 0.000 : HandstandPushups
 |
 | 0.000 : Drumming
 |
 JugglingBalls
 :  | 0.900 : JugglingBalls
 |
 | 0.100 : Archery
 |
 | 0.000 : YoYo
 |
 | 0.000 : HandstandPushups
 |
 | 0.000 : Fencing
 |
 JumpingJack
 :  | 0.946 : JumpingJack
 |
 | 0.054 : JumpRope
 |
 | 0.000 : YoYo
 |
 | 0.000 : HammerThrow
 |
 | 0.000 : Drumming
 |
 JumpRope
 :  | 0.553 : JumpRope
 |
 | 0.132 : JumpingJack
 |
 | 0.105 : LongJump
 |
 | 0.105 : Basketball
 |
 | 0.079 : HandstandWalking
 |
 Kayaking
 :  | 0.972 : Kayaking
 |
 | 0.028 : Rowing
 |
 | 0.000 : ApplyLipstick
 |
 | 0.000 : Diving
 |
 | 0.000 : Fencing
 |
 Knitting
 :  | 1.000 : Knitting
 |
 | 0.000 : YoYo
 |
 | 0.000 : HandstandPushups
 |
 | 0.000 : Drumming
 |
 | 0.000 : Fencing
 |
 LongJump
 :  | 0.692 : LongJump
 |
 | 0.128 : BandMarching
 |
 | 0.103 : Shotput
 |
 | 0.051 : CricketShot
 |
 | 0.026 : CricketBowling
 |
 Lunges
 :  | 0.784 : Lunges
 |
 | 0.081 : Basketball
 |
 | 0.027 : BodyWeightSquats
 |
 | 0.027 : MoppingFloor
 |
 | 0.027 : TennisSwing
 |
 MilitaryParade
 :  | 0.970 : MilitaryParade
 |
 | 0.030 : Rowing
 |
 | 0.000 : HandstandPushups
 |
 | 0.000 : Drumming
 |
 | 0.000 : Fencing
 |
 Mixing
 :  | 0.867 : Mixing
 |
 | 0.067 : BlowingCandles
 |
 | 0.067 : PlayingTabla
 |
 | 0.000 : YoYo
 |
 | 0.000 : Fencing
 |
 MoppingFloor
 :  | 0.971 : MoppingFloor
 |
 | 0.029 : BabyCrawling
 |
 | 0.000 : YoYo
 |
 | 0.000 : HandstandWalking
 |
 | 0.000 : Fencing
 |
 Nunchucks
 :  | 0.514 : Nunchucks
 |
 | 0.200 : TaiChi
 |
 | 0.143 : TrampolineJumping
 |
 | 0.143 : BaseballPitch
 |
 | 0.000 : YoYo
 |
 ParallelBars
 :  | 0.973 : ParallelBars
 |
 | 0.027 : BalanceBeam
 |
 | 0.000 : YoYo
 |
 | 0.000 : HandstandWalking
 |
 | 0.000 : Fencing
 |
 PizzaTossing
 :  | 0.485 : PizzaTossing
 |
 | 0.121 : Fencing
 |
 | 0.091 : BoxingSpeedBag
 |
 | 0.061 : RopeClimbing
 |
 | 0.061 : MoppingFloor
 |
 PlayingCello
 :  | 0.795 : PlayingCello
 |
 | 0.068 : HorseRiding
 |
 | 0.068 : PlayingViolin
 |
 | 0.045 : PlayingFlute
 |
 | 0.023 : WritingOnBoard
 |
 PlayingDaf
 :  | 0.976 : PlayingDaf
 |
 | 0.024 : Drumming
 |
 | 0.000 : HandstandWalking
 |
 | 0.000 : Fencing
 |
 | 0.000 : FieldHockeyPenalty
 |
 PlayingDhol
 :  | 0.939 : PlayingDhol
 |
 | 0.061 : JugglingBalls
 |
 | 0.000 : YoYo
 |
 | 0.000 : HandstandPushups
 |
 | 0.000 : Fencing
 |
 PlayingFlute
 :  | 0.938 : PlayingFlute
 |
 | 0.042 : PlayingViolin
 |
 | 0.021 : WritingOnBoard
 |
 | 0.000 : HandstandPushups
 |
 | 0.000 : Fencing
 |
 PlayingGuitar
 :  | 0.860 : PlayingGuitar
 |
 | 0.140 : PlayingFlute
 |
 | 0.000 : Fencing
 |
 | 0.000 : FieldHockeyPenalty
 |
 | 0.000 : FloorGymnastics
 |
 PlayingPiano
 :  | 1.000 : PlayingPiano
 |
 | 0.000 : YoYo
 |
 | 0.000 : HandstandPushups
 |
 | 0.000 : Fencing
 |
 | 0.000 : FieldHockeyPenalty
 |
 PlayingSitar
 :  | 0.977 : PlayingSitar
 |
 | 0.023 : Haircut
 |
 | 0.000 : YoYo
 |
 | 0.000 : HandstandPushups
 |
 | 0.000 : Fencing
 |
 PlayingTabla
 :  | 0.968 : PlayingTabla
 |
 | 0.032 : RopeClimbing
 |
 | 0.000 : YoYo
 |
 | 0.000 : HammerThrow
 |
 | 0.000 : Drumming
 |
 PlayingViolin
 :  | 1.000 : PlayingViolin
 |
 | 0.000 : YoYo
 |
 | 0.000 : HandstandPushups
 |
 | 0.000 : Fencing
 |
 | 0.000 : FieldHockeyPenalty
 |
 PoleVault
 :  | 1.000 : PoleVault
 |
 | 0.000 : YoYo
 |
 | 0.000 : HandstandPushups
 |
 | 0.000 : Fencing
 |
 | 0.000 : FieldHockeyPenalty
 |
 PommelHorse
 :  | 1.000 : PommelHorse
 |
 | 0.000 : YoYo
 |
 | 0.000 : HandstandPushups
 |
 | 0.000 : Fencing
 |
 | 0.000 : FieldHockeyPenalty
 |
 PullUps
 :  | 0.607 : PullUps
 |
 | 0.179 : RopeClimbing
 |
 | 0.107 : RockClimbingIndoor
 |
 | 0.071 : VolleyballSpiking
 |
 | 0.036 : Swing
 |
 Punch
 :  | 0.897 : Punch
 |
 | 0.103 : BoxingPunchingBag
 |
 | 0.000 : YoYo
 |
 | 0.000 : Diving
 |
 | 0.000 : Fencing
 |
 PushUps
 :  | 0.867 : PushUps
 |
 | 0.133 : RockClimbingIndoor
 |
 | 0.000 : HammerThrow
 |
 | 0.000 : Drumming
 |
 | 0.000 : Fencing
 |
 Rafting
 :  | 0.893 : Rafting
 |
 | 0.107 : Kayaking
 |
 | 0.000 : HandstandPushups
 |
 | 0.000 : Fencing
 |
 | 0.000 : FieldHockeyPenalty
 |
 RockClimbingIndoor
 :  | 1.000 : RockClimbingIndoor
 |
 | 0.000 : HandstandPushups
 |
 | 0.000 : Drumming
 |
 | 0.000 : Fencing
 |
 | 0.000 : FieldHockeyPenalty
 |
 RopeClimbing
 :  | 0.912 : RopeClimbing
 |
 | 0.088 : PoleVault
 |
 | 0.000 : YoYo
 |
 | 0.000 : HammerThrow
 |
 | 0.000 : Drumming
 |
 Rowing
 :  | 0.972 : Rowing
 |
 | 0.028 : Skijet
 |
 | 0.000 : CricketShot
 |
 | 0.000 : Diving
 |
 | 0.000 : Drumming
 |
 SalsaSpin
 :  | 1.000 : SalsaSpin
 |
 | 0.000 : YoYo
 |
 | 0.000 : CuttingInKitchen
 |
 | 0.000 : Drumming
 |
 | 0.000 : Fencing
 |
 ShavingBeard
 :  | 0.884 : ShavingBeard
 |
 | 0.047 : ApplyEyeMakeup
 |
 | 0.023 : Haircut
 |
 | 0.023 : CuttingInKitchen
 |
 | 0.023 : ApplyLipstick
 |
 Shotput
 :  | 0.500 : Shotput
 |
 | 0.130 : GolfSwing
 |
 | 0.065 : Fencing
 |
 | 0.065 : BaseballPitch
 |
 | 0.043 : SumoWrestling
 |
 SkateBoarding
 :  | 0.906 : SkateBoarding
 |
 | 0.031 : Lunges
 |
 | 0.031 : Skiing
 |
 | 0.031 : Biking
 |
 | 0.000 : YoYo
 |
 Skiing
 :  | 0.875 : Skiing
 |
 | 0.100 : SkateBoarding
 |
 | 0.025 : WalkingWithDog
 |
 | 0.000 : YoYo
 |
 | 0.000 : HammerThrow
 |
 Skijet
 :  | 1.000 : Skijet
 |
 | 0.000 : YoYo
 |
 | 0.000 : CuttingInKitchen
 |
 | 0.000 : Drumming
 |
 | 0.000 : Fencing
 |
 SkyDiving
 :  | 0.935 : SkyDiving
 |
 | 0.065 : Skiing
 |
 | 0.000 : YoYo
 |
 | 0.000 : CuttingInKitchen
 |
 | 0.000 : Drumming
 |
 SoccerJuggling
 :  | 0.769 : SoccerJuggling
 |
 | 0.103 : JumpRope
 |
 | 0.103 : TennisSwing
 |
 | 0.026 : Basketball
 |
 | 0.000 : HammerThrow
 |
 SoccerPenalty
 :  | 1.000 : SoccerPenalty
 |
 | 0.000 : YoYo
 |
 | 0.000 : CuttingInKitchen
 |
 | 0.000 : Drumming
 |
 | 0.000 : Fencing
 |
 StillRings
 :  | 0.906 : StillRings
 |
 | 0.062 : PoleVault
 |
 | 0.031 : HandstandWalking
 |
 | 0.000 : YoYo
 |
 | 0.000 : Hammering
 |
 SumoWrestling
 :  | 0.971 : SumoWrestling
 |
 | 0.029 : HorseRiding
 |
 | 0.000 : YoYo
 |
 | 0.000 : Drumming
 |
 | 0.000 : Fencing
 |
 Surfing
 :  | 1.000 : Surfing
 |
 | 0.000 : CuttingInKitchen
 |
 | 0.000 : Drumming
 |
 | 0.000 : Fencing
 |
 | 0.000 : FieldHockeyPenalty
 |
 Swing
 :  | 0.810 : Swing
 |
 | 0.119 : SoccerJuggling
 |
 | 0.048 : TrampolineJumping
 |
 | 0.024 : WalkingWithDog
 |
 | 0.000 : YoYo
 |
 TableTennisShot
 :  | 0.923 : TableTennisShot
 |
 | 0.077 : TaiChi
 |
 | 0.000 : YoYo
 |
 | 0.000 : HandstandPushups
 |
 | 0.000 : Drumming
 |
 TaiChi
 :  | 1.000 : TaiChi
 |
 | 0.000 : YoYo
 |
 | 0.000 : HandstandPushups
 |
 | 0.000 : Drumming
 |
 | 0.000 : Fencing
 |
 TennisSwing
 :  | 1.000 : TennisSwing
 |
 | 0.000 : YoYo
 |
 | 0.000 : HandstandPushups
 |
 | 0.000 : Drumming
 |
 | 0.000 : Fencing
 |
 ThrowDiscus
 :  | 0.763 : ThrowDiscus
 |
 | 0.184 : HammerThrow
 |
 | 0.053 : TaiChi
 |
 | 0.000 : YoYo
 |
 | 0.000 : HandstandPushups
 |
 TrampolineJumping
 :  | 1.000 : TrampolineJumping
 |
 | 0.000 : YoYo
 |
 | 0.000 : HandstandPushups
 |
 | 0.000 : Drumming
 |
 | 0.000 : Fencing
 |
 Typing
 :  | 0.907 : Typing
 |
 | 0.093 : Haircut
 |
 | 0.000 : YoYo
 |
 | 0.000 : HandstandPushups
 |
 | 0.000 : Drumming
 |
 UnevenBars
 :  | 0.964 : UnevenBars
 |
 | 0.036 : ParallelBars
 |
 | 0.000 : YoYo
 |
 | 0.000 : HandstandPushups
 |
 | 0.000 : Drumming
 |
 VolleyballSpiking
 :  | 0.971 : VolleyballSpiking
 |
 | 0.029 : BasketballDunk
 |
 | 0.000 : YoYo
 |
 | 0.000 : HandstandWalking
 |
 | 0.000 : Fencing
 |
 WalkingWithDog
 :  | 0.917 : WalkingWithDog
 |
 | 0.028 : Kayaking
 |
 | 0.028 : Skiing
 |
 | 0.028 : SoccerJuggling
 |
 | 0.000 : YoYo
 |
 WallPushups
 :  | 0.857 : WallPushups
 |
 | 0.143 : WritingOnBoard
 |
 | 0.000 : HandstandPushups
 |
 | 0.000 : Drumming
 |
 | 0.000 : Fencing
 |
 WritingOnBoard
 :  | 1.000 : WritingOnBoard
 |
 | 0.000 : HandstandWalking
 |
 | 0.000 : Fencing
 |
 | 0.000 : FieldHockeyPenalty
 |
 | 0.000 : FloorGymnastics
 |
 YoYo
 :  | 0.639 : YoYo
 |
 | 0.083 : Archery
 |
 | 0.083 : JugglingBalls
 |
 | 0.056 : Nunchucks
 |
 | 0.056 : CleanAndJerk
 |
 